0 0.0 24.0
1 20.0 69897.0
2 10.0 86391.0
3 19835.0 66679.0
4 22255.0 70044.0
5 27436.0 83881.0
6 19844.0 82126.0
7 28042.0 69942.0
8 26484.0 64628.0
9 20.0 86375.0
10 18205.0 69051.0
11 8.0 68726.0
12 0.0 86379.0
13 23774.0 64174.0
14 26214.0 69233.0
15 22403.0 67750.0
16 25923.0 86397.0
17 24986.0 86397.0
18 20625.0 70296.0
19 56331.0 65465.0
20 59880.0 84959.0
21 2398.0 30260.0
22 9.0 32492.0
23 0.0 63452.0
24 21.0 85666.0
25 18425.0 86393.0
26 54886.0 86383.0
27 23099.0 67085.0
28 24185.0 64064.0
29 18626.0 67103.0
30 19827.0 67546.0
31 10.0 86383.0
32 24309.0 71442.0
33 425.0 82426.0
34 16462.0 86394.0
35 15.0 86096.0
36 23019.0 68503.0
37 20512.0 85961.0
38 22.0 64064.0
39 0.0 63599.0
40 23410.0 84699.0
41 23101.0 36670.0
42 26112.0 53881.0
43 22589.0 68182.0
44 22151.0 60091.0
45 21829.0 65943.0
46 46669.0 66214.0
47 19752.0 72034.0
48 20465.0 67382.0
49 53137.0 68354.0
50 24752.0 67649.0
51 22259.0 61576.0
52 22197.0 65463.0
53 19235.0 67105.0
54 22914.0 66395.0
55 22002.0 68418.0
56 19423.0 70639.0
57 26491.0 63058.0
58 22391.0 69588.0
59 22992.0 86385.0
60 59074.0 86373.0
61 22242.0 59968.0
62 15.0 69852.0
63 20846.0 67550.0
64 3.0 67396.0
65 25964.0 72156.0
66 29058.0 86399.0
67 25538.0 86387.0
68 321.0 86300.0
69 25273.0 63640.0
70 17900.0 86386.0
71 29370.0 29449.0
72 23905.0 86380.0
73 23682.0 67226.0
74 26491.0 67639.0
75 17633.0 66861.0
76 59247.0 65901.0
77 58729.0 68543.0
78 26112.0 85600.0
79 18252.0 41304.0
80 21523.0 62793.0
81 25204.0 82053.0
82 19661.0 75614.0
83 20364.0 68658.0
84 21457.0 70944.0
85 22810.0 75867.0
86 24426.0 65019.0
87 17609.0 65211.0
88 19488.0 75223.0
89 23756.0 66226.0
90 21750.0 66688.0
91 21580.0 68894.0
92 14718.0 84046.0
93 22887.0 72963.0
94 22589.0 81712.0
95 21961.0 25913.0
96 23772.0 25999.0
97 22821.0 70325.0
98 22796.0 29312.0
99 23185.0 72410.0
100 23525.0 71855.0
101 24175.0 70978.0
102 23534.0 77107.0
103 24447.0 67727.0
104 22719.0 64026.0
105 67113.0 70299.0
106 24308.0 80482.0
107 51224.0 66066.0
108 56084.0 77897.0
109 24188.0 65688.0
110 24711.0 26999.0
111 60120.0 65631.0
112 28031.0 58589.0
113 56080.0 64094.0
114 57346.0 61934.0
115 23994.0 77262.0
116 52815.0 63991.0
117 24187.0 33257.0
118 52885.0 64207.0
119 21968.0 62257.0
120 24016.0 32743.0
121 29788.0 74139.0
122 26586.0 79556.0
123 59696.0 68999.0
124 63173.0 67197.0
125 26587.0 74063.0
126 26311.0 70831.0
127 25432.0 69842.0
128 24544.0 64069.0
129 24869.0 74273.0
130 24605.0 63652.0
131 15074.0 25754.0
132 21125.0 81132.0
133 25850.0 83012.0
134 22858.0 73831.0
135 24740.0 80195.0
136 21862.0 80673.0
137 23898.0 82526.0
138 20077.0 72187.0
139 16752.0 77272.0
140 16543.0 78766.0
141 19031.0 86375.0
142 22589.0 68139.0
143 26512.0 56319.0
144 21746.0 69661.0
145 22304.0 68757.0
146 54435.0 66127.0
147 23254.0 60705.0
148 23698.0 60835.0
149 20779.0 68384.0
150 26313.0 65856.0
151 20363.0 70378.0
152 24519.0 67777.0
153 19368.0 79200.0
154 23930.0 66228.0
155 55655.0 67833.0
156 17877.0 85707.0
157 16863.0 86348.0
158 18862.0 77976.0
159 21213.0 68515.0
160 2.0 82279.0
161 19748.0 64937.0
162 24427.0 64194.0
163 23253.0 68285.0
164 26923.0 62494.0
165 20273.0 64130.0
166 22787.0 64866.0
167 22.0 63599.0
168 18994.0 69784.0
169 23618.0 80114.0
170 111.0 63466.0
171 17571.0 81884.0
172 17639.0 86395.0
173 20245.0 29179.0
174 23889.0 29691.0
175 16615.0 61854.0
176 18896.0 69457.0
177 2.0 86379.0
178 17588.0 64750.0
179 25959.0 67276.0
180 25260.0 62371.0
181 18787.0 86377.0
182 18276.0 64223.0
183 2.0 71130.0
184 22701.0 62907.0
185 27641.0 83556.0
186 18784.0 63068.0
187 24291.0 69535.0
188 21031.0 79347.0
189 18057.0 62356.0
190 20784.0 71066.0
191 22255.0 86378.0
192 19556.0 65791.0
193 13.0 86393.0
194 21395.0 63907.0
195 17.0 65096.0
196 908.0 29394.0
197 22171.0 62919.0
198 23172.0 86004.0
199 19574.0 62654.0
200 21831.0 65614.0
201 23727.0 62979.0
202 26164.0 86385.0
203 26212.0 67251.0
204 24735.0 28669.0
205 21950.0 86384.0
206 15.0 62299.0
207 26107.0 72026.0
208 24745.0 83067.0
209 10.0 74509.0
210 20027.0 27253.0
211 21353.0 28483.0
212 61834.0 66705.0
213 20249.0 64337.0
214 20463.0 63930.0
215 59435.0 84293.0
216 23701.0 62629.0
217 62505.0 72887.0
218 22813.0 31636.0
219 26923.0 86397.0
220 23144.0 27687.0
221 26208.0 65681.0
222 22180.0 73147.0
223 20285.0 25015.0
224 20674.0 86390.0
225 0.0 86004.0
226 20254.0 73120.0
227 2.0 67587.0
228 20465.0 63599.0
229 27854.0 65645.0
230 24345.0 66161.0
231 19836.0 67935.0
232 23618.0 64291.0
233 22391.0 27259.0
234 12.0 62900.0
235 89.0 71439.0
236 25632.0 66047.0
237 28444.0 86374.0
238 20506.0 68835.0
239 16706.0 86377.0
240 24982.0 64768.0
241 19631.0 68303.0
242 20627.0 65053.0
243 23094.0 64979.0
244 21149.0 68200.0
245 56177.0 67282.0
246 26799.0 64000.0
247 23399.0 86382.0
248 21334.0 65261.0
249 22580.0 68311.0
250 24514.0 63436.0
251 19743.0 60227.0
252 52110.0 63340.0
253 18958.0 86391.0
254 19798.0 66559.0
255 27574.0 31093.0
256 26406.0 63877.0
257 51033.0 65381.0
258 2.0 69809.0
259 19458.0 50892.0
260 17452.0 67232.0
261 19391.0 64096.0
262 19035.0 86376.0
263 12.0 30037.0
264 25955.0 28481.0
265 25069.0 71084.0
266 22331.0 65287.0
267 20213.0 65149.0
268 23724.0 31226.0
269 26024.0 33405.0
270 25211.0 67130.0
271 17182.0 64632.0
272 2.0 79372.0
273 36081.0 86391.0
274 24091.0 75766.0
275 61364.0 64805.0
276 63372.0 65014.0
277 22003.0 73831.0
278 21608.0 65104.0
279 20781.0 62603.0
280 19802.0 44181.0
281 20.0 68963.0
282 23510.0 28542.0
283 21759.0 83365.0
284 25166.0 69075.0
285 20783.0 86398.0
286 20324.0 65593.0
287 24289.0 68242.0
288 25076.0 33260.0
289 25635.0 65777.0
290 25850.0 68072.0
291 24525.0 86381.0
292 20993.0 63162.0
293 15769.0 67247.0
294 0.0 36224.0
295 21205.0 62284.0
296 25619.0 62587.0
297 23711.0 86396.0
298 20742.0 66359.0
299 24203.0 86380.0
300 22721.0 68501.0
301 21815.0 85424.0
302 15.0 64955.0
303 21084.0 67159.0
304 16660.0 74593.0
305 16143.0 65891.0
306 19239.0 64190.0
307 19167.0 63268.0
308 16402.0 83325.0
309 17546.0 65439.0
310 24353.0 66816.0
311 58171.0 69625.0
312 23841.0 86379.0
313 2.0 86389.0
314 21938.0 63517.0
315 25088.0 71420.0
316 24188.0 37066.0
317 20363.0 65415.0
318 17921.0 86382.0
319 21738.0 84024.0
320 22568.0 66537.0
321 15.0 68525.0
322 56547.0 67265.0
323 25716.0 66934.0
324 21143.0 86393.0
325 22893.0 65518.0
326 15349.0 63714.0
327 52.0 63235.0
328 0.0 59903.0
329 18498.0 64441.0
330 22383.0 66282.0
331 25632.0 65205.0
332 27312.0 63700.0
333 26695.0 63238.0
334 20297.0 63811.0
335 23090.0 66463.0
336 18929.0 31142.0
337 23036.0 83130.0
338 13.0 27622.0
339 16812.0 63869.0
340 21672.0 63456.0
341 20837.0 70460.0
342 25082.0 77652.0
343 21097.0 63798.0
344 0.0 70270.0
345 24523.0 64024.0
346 22912.0 86393.0
347 21754.0 67680.0
348 49834.0 86386.0
349 23015.0 31250.0
350 4.0 71628.0
351 0.0 69027.0
352 4.0 58965.0
353 26199.0 86384.0
354 53884.0 69197.0
355 18866.0 71255.0
356 24301.0 65070.0
357 24012.0 86381.0
358 19242.0 69862.0
359 13.0 86397.0
360 17956.0 64163.0
361 22796.0 64803.0
362 24302.0 67772.0
363 22943.0 64140.0
364 22485.0 62254.0
365 22123.0 66373.0
366 19607.0 63695.0
367 21246.0 67921.0
368 20701.0 22893.0
369 19139.0 67343.0
370 41007.0 64073.0
371 21454.0 68410.0
372 42180.0 71414.0
373 21091.0 86394.0
374 0.0 86383.0
375 13.0 65402.0
376 23024.0 27286.0
377 19278.0 68790.0
378 16845.0 86376.0
379 4.0 66062.0
380 15306.0 29535.0
381 18271.0 68170.0
382 25071.0 65319.0
383 0.0 67436.0
384 21954.0 63914.0
385 22496.0 64837.0
386 22719.0 64892.0
387 2.0 66185.0
388 4.0 83809.0
389 18371.0 67611.0
390 20833.0 63911.0
391 24894.0 63758.0
392 63684.0 65180.0
393 21339.0 62199.0
394 24435.0 67016.0
395 54188.0 63418.0
396 18182.0 86388.0
397 4.0 64710.0
398 25170.0 62568.0
399 5.0 67764.0
400 16262.0 68936.0
401 20688.0 25833.0
402 20935.0 67266.0
403 27335.0 66528.0
404 17379.0 86352.0
405 25846.0 65743.0
406 25500.0 66813.0
407 25323.0 86390.0
408 19626.0 68738.0
409 19520.0 67044.0
410 18923.0 86381.0
411 18226.0 67121.0
412 17669.0 86376.0
413 18222.0 63645.0
414 23343.0 32042.0
415 18137.0 69482.0
416 24526.0 32548.0
417 18376.0 72284.0
418 20080.0 86376.0
419 21351.0 86380.0
420 20509.0 67515.0
421 22053.0 86373.0
422 21607.0 66151.0
423 12.0 61784.0
424 36182.0 63970.0
425 20176.0 65911.0
426 20167.0 29184.0
427 24191.0 65304.0
428 20210.0 52131.0
429 12.0 64959.0
430 25092.0 67916.0
431 26480.0 59333.0
432 25727.0 86382.0
433 25998.0 60818.0
434 24872.0 68577.0
435 22254.0 28755.0
436 25809.0 67769.0
437 24495.0 69874.0
438 26709.0 84453.0
439 23756.0 67095.0
440 32996.0 38982.0
441 20671.0 62977.0
442 22182.0 65847.0
443 22.0 67021.0
444 27834.0 67399.0
445 60916.0 64233.0
446 51608.0 66049.0
447 26690.0 62100.0
448 23254.0 81374.0
449 25159.0 32551.0
450 50300.0 62732.0
451 20546.0 33273.0
452 21912.0 68778.0
453 21271.0 66636.0
454 24897.0 84294.0
455 46726.0 66049.0
456 16678.0 69127.0
457 25425.0 67003.0
458 0.0 68291.0
459 29847.0 60723.0
460 32170.0 60856.0
461 24.0 64398.0
462 26690.0 72499.0
463 23480.0 63924.0
464 22092.0 70796.0
465 24403.0 73881.0
466 27019.0 84542.0
467 24067.0 66429.0
468 22576.0 66674.0
469 19245.0 31261.0
470 17567.0 59134.0
471 39354.0 68384.0
472 26411.0 64285.0
473 25310.0 64866.0
474 25078.0 68169.0
475 25753.0 28914.0
476 27523.0 67574.0
477 19793.0 28825.0
478 21524.0 66234.0
479 24442.0 62917.0
480 2.0 67326.0
481 19285.0 71386.0
482 18280.0 86378.0
483 22387.0 86377.0
484 21264.0 86374.0
485 18929.0 64467.0
486 15333.0 67899.0
487 20923.0 63906.0
488 27564.0 86396.0
489 54252.0 77088.0
490 19408.0 64989.0
491 16766.0 66924.0
492 23254.0 26449.0
493 24795.0 65405.0
494 22250.0 66833.0
495 24895.0 81996.0
496 25850.0 78633.0
497 26923.0 29942.0
498 22099.0 66628.0
499 2.0 64249.0
500 27324.0 65770.0
501 25959.0 29324.0
502 28954.0 65344.0
503 18400.0 86387.0
504 19351.0 86385.0
505 27825.0 69504.0
506 60353.0 86392.0
507 64447.0 64557.0
508 2.0 86392.0
509 61330.0 62529.0
510 60795.0 64118.0
511 63059.0 64349.0
512 5.0 64475.0
513 41350.0 69033.0
514 21415.0 84353.0
515 2.0 65312.0
516 13.0 67432.0
517 24445.0 65799.0
518 24742.0 64551.0
519 59224.0 64231.0
520 62443.0 65533.0
521 24272.0 64010.0
522 23084.0 70306.0
523 19226.0 85415.0
524 20002.0 75722.0
525 18856.0 66675.0
526 58561.0 85628.0
527 24195.0 65595.0
528 21696.0 68486.0
529 19940.0 64892.0
530 24514.0 69193.0
531 24524.0 68089.0
532 24804.0 64233.0
533 25538.0 63218.0
534 20731.0 64427.0
535 20224.0 64472.0
536 53877.0 54308.0
537 722.0 68783.0
538 12.0 62388.0
539 22726.0 86394.0
540 54793.0 63581.0
541 20215.0 29062.0
542 2.0 65839.0
543 21215.0 64473.0
544 20037.0 72129.0
545 20355.0 78389.0
546 26399.0 61173.0
547 21136.0 69731.0
548 22059.0 31414.0
549 58582.0 67159.0
550 24524.0 28209.0
551 22737.0 66356.0
552 20368.0 82586.0
553 59649.0 65040.0
554 22092.0 26738.0
555 16213.0 66859.0
556 5.0 82554.0
557 18756.0 79536.0
558 23327.0 26263.0
559 20160.0 64841.0
560 17591.0 81918.0
561 18392.0 84447.0
562 24418.0 28352.0
563 61488.0 65248.0
564 26159.0 28576.0
565 26408.0 30038.0
566 17427.0 28604.0
567 17499.0 27449.0
568 24975.0 80342.0
569 21042.0 84595.0
570 22584.0 79666.0
571 16036.0 86375.0
572 50256.0 70988.0
573 18159.0 79250.0
574 21743.0 30844.0
575 22380.0 71229.0
576 43065.0 64404.0
577 22105.0 68682.0
578 23985.0 84440.0
579 24439.0 65291.0
580 23899.0 63096.0
581 24444.0 69292.0
582 21813.0 65709.0
583 56982.0 69689.0
584 26923.0 86079.0
585 25743.0 50549.0
586 25076.0 65888.0
587 38377.0 86385.0
588 20175.0 65530.0
589 23234.0 63715.0
590 54635.0 85871.0
591 34680.0 78976.0
592 10.0 71976.0
593 23705.0 81575.0
594 48058.0 86395.0
595 23254.0 43025.0
596 37303.0 65987.0
597 17901.0 66173.0
598 19328.0 65729.0
599 26053.0 70965.0
600 20247.0 64685.0
601 21343.0 74010.0
602 21098.0 66316.0
603 12.0 86377.0
604 20355.0 70238.0
605 21512.0 68618.0
606 23252.0 49638.0
607 22125.0 68193.0
608 25096.0 72939.0
609 39829.0 69775.0
610 25203.0 64116.0
611 46778.0 76111.0
612 25309.0 51274.0
613 24526.0 86381.0
614 57864.0 86375.0
615 28149.0 86391.0
616 24526.0 79173.0
617 23585.0 69102.0
618 20028.0 63123.0
619 84104.0 86399.0
620 24872.0 65106.0
621 18467.0 61516.0
622 24868.0 82280.0
623 20791.0 30904.0
624 56265.0 66076.0
625 24855.0 62991.0
626 23512.0 66577.0
627 23799.0 76989.0
628 23170.0 67025.0
629 21466.0 61096.0
630 21142.0 27992.0
631 20953.0 25499.0
632 20417.0 62534.0
633 24612.0 28511.0
634 19973.0 65436.0
635 25544.0 68001.0
636 22825.0 77911.0
637 27728.0 75936.0
638 57841.0 61329.0
639 24957.0 66981.0
640 18464.0 68875.0
641 25170.0 64198.0
642 39046.0 66711.0
643 22180.0 63969.0
644 22813.0 25603.0
645 19165.0 65766.0
646 21337.0 65639.0
647 21399.0 63980.0
648 22175.0 78674.0
649 18623.0 86392.0
650 22489.0 66668.0
651 2.0 65297.0
652 23524.0 70447.0
653 24279.0 70048.0
654 55569.0 64956.0
655 22571.0 27777.0
656 23425.0 63092.0
657 22798.0 80385.0
658 22414.0 78145.0
659 23253.0 67254.0
660 23704.0 63756.0
661 23408.0 33304.0
662 23891.0 26455.0
663 62507.0 65099.0
664 54268.0 68843.0
665 23496.0 61626.0
666 25538.0 64771.0
667 21158.0 65342.0
668 59423.0 69189.0
669 20127.0 65979.0
670 21806.0 64670.0
671 57647.0 67666.0
672 25630.0 28626.0
673 23794.0 64552.0
674 49156.0 52710.0
675 24169.0 62621.0
676 24185.0 28209.0
677 16.0 67662.0
678 24882.0 66931.0
679 13.0 63161.0
680 25543.0 86392.0
681 21748.0 67462.0
682 36916.0 86384.0
683 24536.0 65400.0
684 40826.0 66011.0
685 65834.0 86284.0
686 20625.0 47432.0
687 0.0 64281.0
688 24749.0 81957.0
689 4.0 85700.0
690 25741.0 86390.0
691 23344.0 65910.0
692 21610.0 68709.0
693 25062.0 63997.0
694 24532.0 80927.0
695 18.0 63169.0
696 38197.0 66808.0
697 1083.0 66111.0
698 25739.0 64382.0
699 30150.0 62732.0
700 7.0 86382.0
701 59484.0 86372.0
702 21211.0 31271.0
703 49573.0 82627.0
704 21520.0 75653.0
705 4.0 69484.0
706 40057.0 66310.0
707 7.0 86379.0
708 35814.0 69658.0
709 7.0 63640.0
710 18599.0 85668.0
711 8.0 65471.0
712 28238.0 86374.0
713 21679.0 65984.0
714 5.0 64802.0
715 19053.0 86392.0
716 25056.0 66516.0
717 8.0 86381.0
718 27730.0 62331.0
719 23532.0 66333.0
720 23849.0 67111.0
721 24521.0 65538.0
722 24981.0 61950.0
723 25549.0 86236.0
724 55336.0 81704.0
725 57830.0 61837.0
726 17132.0 67909.0
727 22385.0 74174.0
728 21669.0 84597.0
729 23506.0 66631.0
730 22805.0 74601.0
731 16659.0 66288.0
732 20062.0 29851.0
733 24529.0 66084.0
734 22999.0 26768.0
735 19427.0 28071.0
736 19408.0 61547.0
737 24277.0 81470.0
738 24183.0 62535.0
739 24264.0 26983.0
740 21886.0 25691.0
741 5.0 64463.0
742 23172.0 66233.0
743 26923.0 63489.0
744 27220.0 62262.0
745 63464.0 64454.0
746 25830.0 62488.0
747 545.0 64973.0
748 22790.0 63083.0
749 23015.0 67840.0
750 26110.0 65087.0
751 23720.0 83966.0
752 25641.0 68430.0
753 23251.0 64514.0
754 23420.0 68760.0
755 23257.0 32299.0
756 46051.0 68544.0
757 25542.0 66078.0
758 25316.0 61950.0
759 23185.0 67432.0
760 21087.0 66438.0
761 20786.0 66666.0
762 24422.0 62450.0
763 18051.0 66681.0
764 20237.0 63920.0
765 19173.0 84678.0
766 25095.0 70753.0
767 22590.0 86394.0
768 12.0 65839.0
769 25919.0 67765.0
770 26063.0 32845.0
771 25732.0 28738.0
772 21906.0 64999.0
773 22899.0 86213.0
774 22589.0 64377.0
775 21965.0 64235.0
776 17653.0 67407.0
777 58996.0 66282.0
778 23017.0 81869.0
779 25850.0 63954.0
780 23499.0 69987.0
781 25951.0 66352.0
782 25999.0 66076.0
783 25213.0 86381.0
784 38.0 30191.0
785 20980.0 86300.0
786 26495.0 37908.0
787 22031.0 54807.0
788 27320.0 66284.0
789 18596.0 61228.0
790 20978.0 66986.0
791 20122.0 66829.0
792 19561.0 63596.0
793 19938.0 27149.0
794 21449.0 64224.0
795 19652.0 63147.0
796 19748.0 75894.0
797 57168.0 62418.0
798 29647.0 81076.0
799 24714.0 28322.0
800 52085.0 57592.0
801 22568.0 42705.0
802 23023.0 72987.0
803 25425.0 27733.0
804 21925.0 62354.0
805 21077.0 28620.0
806 21993.0 86380.0
807 25844.0 49484.0
808 20980.0 86285.0
809 23800.0 71095.0
810 23022.0 65678.0
811 25091.0 63162.0
812 12.0 86381.0
813 8.0 26971.0
814 18576.0 85174.0
815 23627.0 65353.0
816 24361.0 86178.0
817 8.0 70636.0
818 24175.0 86380.0
819 20262.0 73880.0
820 6.0 62048.0
821 26269.0 67719.0
822 58225.0 62273.0
823 21399.0 86378.0
824 36.0 70075.0
825 26669.0 65027.0
826 18702.0 86381.0
827 24977.0 67997.0
828 24787.0 65248.0
829 21956.0 63830.0
830 486.0 70806.0
831 22820.0 82329.0
832 26710.0 66464.0
833 23342.0 86395.0
834 12.0 64648.0
835 23255.0 65723.0
836 22125.0 86387.0
837 74936.0 82703.0
838 24528.0 62900.0
839 22401.0 69300.0
840 23758.0 65920.0
841 23336.0 70410.0
842 7.0 64673.0
843 25852.0 68295.0
844 20207.0 27863.0
845 25162.0 65493.0
846 24977.0 64983.0
847 23677.0 69304.0
848 22051.0 29833.0
849 55341.0 86378.0
850 49419.0 74273.0
851 18840.0 29970.0
852 18.0 85844.0
853 28804.0 68971.0
854 16696.0 86384.0
855 29137.0 64499.0
856 13.0 77108.0
857 19906.0 75480.0
858 23362.0 86380.0
859 22651.0 36204.0
860 48106.0 68980.0
861 7.0 66893.0
862 51370.0 65600.0
863 23428.0 69043.0
864 20230.0 69830.0
865 26514.0 78674.0
866 12.0 86378.0
867 9.0 80890.0
868 38735.0 59385.0
869 18929.0 73333.0
870 42677.0 69424.0
871 23092.0 86379.0
872 23771.0 68126.0
873 27660.0 64522.0
874 12.0 71754.0
875 19572.0 86393.0
876 7.0 86394.0
877 16442.0 68427.0
878 21243.0 64833.0
879 24326.0 86374.0
880 17.0 82163.0
881 21094.0 69363.0
882 22326.0 71308.0
883 15.0 74888.0
884 22814.0 71200.0
885 7.0 70663.0
886 16122.0 80703.0
887 8.0 78930.0
888 18059.0 86376.0
889 20613.0 79943.0
890 25436.0 71465.0
891 25169.0 63960.0
892 17624.0 72062.0
893 20554.0 86375.0
894 22.0 72461.0
895 22710.0 71727.0
896 9.0 86383.0
897 18893.0 86107.0
898 26404.0 66672.0
899 16601.0 64788.0
900 26107.0 64413.0
901 20675.0 74135.0
902 18135.0 76490.0
903 61373.0 64794.0
904 18620.0 76166.0
905 19276.0 70968.0
906 25336.0 32636.0
907 56553.0 61487.0
908 21759.0 71151.0
909 15487.0 61774.0
910 23259.0 33110.0
911 21818.0 63409.0
912 23350.0 78544.0
913 22121.0 64633.0
914 19494.0 62209.0
915 22310.0 67489.0
916 21593.0 65559.0
917 25552.0 65690.0
918 26201.0 62074.0
919 24970.0 68049.0
920 24019.0 68226.0
921 12.0 67940.0
922 8.0 71463.0
923 25191.0 67835.0
924 46173.0 71462.0
925 57463.0 62118.0
926 55107.0 61940.0
927 19650.0 64433.0
928 17270.0 65402.0
929 25857.0 64406.0
930 18664.0 65592.0
931 9.0 63701.0
932 20269.0 61486.0
933 21037.0 68892.0
934 22716.0 67943.0
935 24870.0 65400.0
936 20372.0 86377.0
937 20738.0 76071.0
938 26901.0 65405.0
939 24621.0 66829.0
940 23807.0 65723.0
941 60796.0 68174.0
942 24804.0 86385.0
943 25425.0 70366.0
944 24512.0 66641.0
945 23518.0 78549.0
946 19200.0 68277.0
947 19454.0 64983.0
948 19242.0 68077.0
949 21349.0 64158.0
950 24688.0 68589.0
951 17111.0 63337.0
952 22307.0 69089.0
953 19924.0 68104.0
954 23906.0 67131.0
955 22173.0 71019.0
956 19327.0 61771.0
957 24448.0 70193.0
958 24294.0 70474.0
959 22577.0 71089.0
960 25207.0 74745.0
961 20642.0 69754.0
962 21468.0 67084.0
963 23028.0 74087.0
964 19006.0 67435.0
965 17001.0 80021.0
966 23863.0 66791.0
967 26568.0 28988.0
968 17665.0 63576.0
969 18.0 64849.0
970 59608.0 64785.0
971 23435.0 62072.0
972 19892.0 63400.0
973 60457.0 65304.0
974 25448.0 66483.0
975 19228.0 75669.0
976 23526.0 75968.0
977 18994.0 65004.0
978 24070.0 68554.0
979 25827.0 66386.0
980 18343.0 64864.0
981 42692.0 76327.0
982 61514.0 67096.0
983 43053.0 67192.0
984 24705.0 71732.0
985 22033.0 65729.0
986 20840.0 68986.0
987 22493.0 75074.0
988 24198.0 67942.0
989 19654.0 68180.0
990 18896.0 70015.0
991 18009.0 31551.0
992 24293.0 59988.0
993 46534.0 64411.0
994 22709.0 66959.0
995 22943.0 64377.0
996 23611.0 65301.0
997 27018.0 29739.0
998 28914.0 66669.0
999 20131.0 30277.0
1000 21346.0 69403.0
1001 27018.0 62882.0
1002 26265.0 64104.0
1003 20599.0 66123.0
1004 24275.0 63887.0
1005 20290.0 66685.0
1006 62274.0 64498.0
1007 22243.0 65387.0
1008 24441.0 66269.0
1009 24647.0 63164.0
1010 25917.0 82194.0
1011 25090.0 71523.0
1012 54400.0 78452.0
1013 26799.0 63458.0
1014 20153.0 65410.0
1015 25743.0 66027.0
1016 26309.0 61855.0
1017 25091.0 66572.0
1018 22321.0 66470.0
1019 23705.0 69874.0
1020 22817.0 71805.0
1021 8.0 37227.0
1022 21036.0 64152.0
1023 8.0 69947.0
1024 59598.0 86391.0
1025 21023.0 64864.0
1026 21580.0 71213.0
1027 20071.0 70354.0
1028 25867.0 64450.0
1029 18197.0 69006.0
1030 26709.0 82618.0
1031 26374.0 63226.0
1032 23510.0 78046.0
1033 61017.0 66357.0
1034 19039.0 67350.0
1035 21594.0 30922.0
1036 25542.0 86396.0
1037 19603.0 72822.0
1038 17528.0 67538.0
1039 23090.0 64830.0
1040 26064.0 68749.0
1041 19267.0 47325.0
1042 43986.0 67816.0
1043 20363.0 73942.0
1044 25072.0 83314.0
1045 22251.0 63656.0
1046 20295.0 71066.0
1047 22019.0 32734.0
1048 61605.0 71136.0
1049 20673.0 65184.0
1050 20688.0 64870.0
1051 57489.0 65881.0
1052 21205.0 67669.0
1053 21676.0 86391.0
1054 19111.0 45591.0
1055 52671.0 64841.0
1056 51425.0 64202.0
1057 23268.0 65065.0
1058 22444.0 32467.0
1059 21197.0 62311.0
1060 22654.0 69101.0
1061 8.0 64626.0
1062 17742.0 64221.0
1063 19817.0 65995.0
1064 55606.0 65242.0
1065 23512.0 82309.0
1066 8.0 61746.0
1067 59937.0 86378.0
1068 59649.0 65586.0
1069 50570.0 67668.0
1070 19490.0 67297.0
1071 26502.0 63602.0
1072 22406.0 26852.0
1073 22858.0 68990.0
1074 22027.0 66641.0
1075 27529.0 67520.0
1076 18542.0 46361.0
1077 20414.0 66585.0
1078 22163.0 66422.0
1079 21460.0 68526.0
1080 22576.0 65300.0
1081 25358.0 69321.0
1082 22184.0 26968.0
1083 22640.0 26457.0
1084 18008.0 64142.0
1085 23208.0 62798.0
1086 20036.0 61263.0
1087 22053.0 66294.0
1088 25524.0 66826.0
1089 59657.0 65731.0
1090 21208.0 66745.0
1091 23728.0 68619.0
1092 23086.0 64484.0
1093 24260.0 62795.0
1094 21798.0 66771.0
1095 18758.0 68475.0
1096 18749.0 67248.0
1097 27428.0 55206.0
1098 23668.0 63196.0
1099 23451.0 68830.0
1100 24853.0 70851.0
1101 22706.0 70398.0
1102 25359.0 67228.0
1103 22407.0 72448.0
1104 25518.0 69739.0
1105 24178.0 69169.0
1106 24283.0 65962.0
1107 19814.0 63991.0
1108 23428.0 65542.0
1109 22115.0 67367.0
1110 24518.0 61059.0
1111 21464.0 65934.0
1112 58118.0 65380.0
1113 23516.0 59565.0
1114 19234.0 64407.0
1115 18062.0 70375.0
1116 58225.0 67098.0
1117 23431.0 63763.0
1118 56454.0 65280.0
1119 19576.0 28517.0
1120 24535.0 29722.0
1121 60051.0 67627.0
1122 20782.0 25765.0
1123 14293.0 35297.0
1124 57753.0 64360.0
1125 17246.0 71643.0
1126 19105.0 68334.0
1127 22564.0 70498.0
1128 16106.0 24948.0
1129 24623.0 33128.0
1130 23532.0 79373.0
1131 21145.0 83054.0
1132 20802.0 82878.0
1133 53595.0 64138.0
1134 21079.0 83094.0
1135 56499.0 63863.0
1136 26133.0 63873.0
1137 21625.0 73970.0
1138 37029.0 66892.0
1139 41830.0 80077.0
1140 18927.0 74872.0
1141 19320.0 72824.0
1142 24535.0 79117.0
1143 55328.0 56436.0
1144 20251.0 82144.0
1145 20649.0 66921.0
1146 22020.0 73275.0
1147 20884.0 83557.0
1148 58768.0 84610.0
1149 57929.0 65491.0
1150 20026.0 67895.0
1151 21581.0 66927.0
1152 22643.0 81108.0
1153 33019.0 39985.0
1154 24843.0 64950.0
1155 55809.0 65598.0
1156 21680.0 80650.0
1157 22867.0 77208.0
1158 23073.0 74286.0
1159 24015.0 32123.0
1160 20527.0 64266.0
1161 24713.0 64494.0
1162 22576.0 65675.0
1163 19823.0 32021.0
1164 21578.0 86377.0
1165 23437.0 77962.0
1166 26502.0 65677.0
1167 26592.0 70895.0
1168 22807.0 67206.0
1169 26314.0 42662.0
1170 20855.0 66514.0