0 20392.0 64981.0
1 26390.0 64107.0
2 25523.0 68373.0
3 26.0 67375.0
4 26401.0 63310.0
5 26349.0 52359.0
6 27.0 68253.0
7 9.0 78644.0
8 61643.0 86388.0
9 23847.0 64534.0
10 76683.0 86378.0
11 39988.0 69784.0
12 26004.0 86389.0
13 21018.0 86394.0
14 22205.0 61591.0
15 23161.0 68374.0
16 13.0 70062.0
17 24550.0 67457.0
18 12.0 62013.0
19 38583.0 71339.0
20 23079.0 68444.0
21 25139.0 69490.0
22 23149.0 66478.0
23 26252.0 70354.0
24 20520.0 67124.0
25 3.0 70895.0
26 61532.0 67365.0
27 19424.0 66993.0
28 21741.0 71155.0
29 22625.0 68097.0
30 17831.0 86391.0
31 25362.0 63804.0
32 20.0 64856.0
33 22207.0 66494.0
34 54878.0 86384.0
35 2.0 86382.0
36 21.0 63828.0
37 22131.0 86394.0
38 23.0 86399.0
39 25462.0 63474.0
40 23192.0 67741.0
41 52656.0 84945.0
42 3.0 86379.0
43 57318.0 85869.0
44 24.0 68655.0
45 22435.0 60543.0
46 18576.0 86394.0
47 60006.0 85121.0
48 21864.0 86382.0
49 66449.0 86379.0
50 19652.0 67035.0
51 23.0 66711.0
52 26708.0 86399.0
53 20953.0 86388.0
54 19887.0 71666.0
55 28021.0 84047.0
56 22622.0 64616.0
57 10.0 69269.0
58 55369.0 71173.0
59 28.0 70366.0
60 23784.0 86186.0
61 18072.0 69759.0
62 33649.0 39670.0
63 19116.0 71258.0
64 26106.0 67613.0
65 23.0 68105.0
66 22236.0 68375.0
67 4.0 82261.0
68 25477.0 72532.0
69 17141.0 86397.0
70 26.0 70407.0
71 16348.0 86384.0
72 24529.0 37151.0
73 21410.0 66447.0
74 22340.0 67212.0
75 329.0 86399.0
76 54344.0 66819.0
77 55288.0 67790.0
78 23832.0 66448.0
79 26356.0 56358.0
80 20285.0 68542.0
81 22064.0 66348.0
82 26711.0 84155.0
83 28035.0 58630.0
84 24015.0 32708.0
85 22846.0 72889.0
86 21287.0 70658.0
87 22860.0 70460.0
88 24003.0 66703.0
89 21925.0 81609.0
90 23670.0 72076.0
91 24434.0 61835.0
92 50543.0 77820.0
93 19225.0 75467.0
94 26.0 1573.0
95 20285.0 68821.0
96 24300.0 25992.0
97 17644.0 38490.0
98 20112.0 75530.0
99 26150.0 78134.0
100 21802.0 66350.0
101 62727.0 64121.0
102 22669.0 64603.0
103 26571.0 73992.0
104 23818.0 86393.0
105 67125.0 70991.0
106 60106.0 67914.0
107 21.0 73810.0
108 26203.0 70889.0
109 25806.0 69704.0
110 54826.0 64433.0
111 29801.0 74171.0
112 52922.0 64160.0
113 26249.0 79673.0
114 57197.0 61948.0
115 20958.0 62205.0
116 23235.0 75835.0
117 33414.0 77385.0
118 24453.0 65273.0
119 23792.0 33479.0
120 52653.0 63943.0
121 25694.0 64669.0
122 24860.0 73821.0
123 24431.0 63919.0
124 24295.0 80450.0
125 24236.0 67990.0
126 23583.0 76936.0
127 24231.0 71440.0
128 26411.0 72076.0
129 22268.0 65795.0
130 26151.0 33033.0
131 2.0 68519.0
132 16452.0 79215.0
133 18666.0 68088.0
134 17807.0 86016.0
135 18048.0 86373.0
136 15169.0 85926.0
137 26029.0 81778.0
138 62166.0 66242.0
139 16761.0 77320.0
140 20686.0 68964.0
141 22843.0 60875.0
142 22077.0 67198.0
143 24143.0 82399.0
144 26708.0 83125.0
145 25696.0 82639.0
146 33873.0 42370.0
147 22708.0 60546.0
148 20382.0 70269.0
149 21995.0 69556.0
150 21688.0 68786.0
151 16142.0 86293.0
152 14.0 80859.0
153 53352.0 61633.0
154 18999.0 77902.0
155 18665.0 79269.0
156 23439.0 64530.0
157 20141.0 65975.0
158 23.0 86396.0
159 25412.0 80315.0
160 22704.0 67681.0
161 67107.0 69509.0
162 19780.0 66134.0
163 24141.0 63644.0
164 17016.0 64006.0
165 21864.0 69364.0
166 22906.0 86391.0
167 21002.0 62745.0
168 20998.0 64933.0
169 20237.0 70324.0
170 22820.0 67505.0
171 18809.0 65865.0
172 18744.0 86396.0
173 16680.0 66115.0
174 21365.0 67939.0
175 22260.0 63157.0
176 20335.0 63860.0
177 16740.0 86379.0
178 20185.0 86388.0
179 23775.0 63012.0
180 51193.0 65624.0
181 26462.0 68035.0
182 26404.0 63861.0
183 61.0 63093.0
184 24291.0 68195.0
185 29712.0 75569.0
186 22206.0 86373.0
187 931.0 29624.0
188 24840.0 66034.0
189 8.0 64140.0
190 5.0 84925.0
191 24523.0 63009.0
192 22292.0 62248.0
193 59989.0 64962.0
194 19540.0 66520.0
195 21991.0 65988.0
196 26.0 31589.0
197 17988.0 65484.0
198 17639.0 65565.0
199 7.0 67890.0
200 27629.0 86374.0
201 20091.0 73222.0
202 20527.0 71219.0
203 21457.0 66286.0
204 20226.0 73115.0
205 51756.0 66571.0
206 26351.0 64410.0
207 28040.0 67324.0
208 70631.0 86379.0
209 18765.0 64436.0
210 11.0 66094.0
211 27206.0 64419.0
212 20520.0 65930.0
213 30.0 71678.0
214 21934.0 64222.0
215 28880.0 67861.0
216 24653.0 65353.0
217 2.0 69564.0
218 22210.0 64917.0
219 20523.0 65804.0
220 22227.0 71604.0
221 21367.0 86383.0
222 27553.0 31154.0
223 16474.0 86386.0
224 56222.0 86385.0
225 11.0 62500.0
226 24114.0 65423.0
227 57827.0 67599.0
228 24954.0 66306.0
229 8.0 64309.0
230 25698.0 68353.0
231 22211.0 64619.0
232 26885.0 70784.0
233 22228.0 54591.0
234 55522.0 60178.0
235 23928.0 64952.0
236 22726.0 62478.0
237 57395.0 65938.0
238 19812.0 86382.0
239 16.0 63567.0
240 23786.0 63238.0
241 19654.0 63384.0
242 17613.0 73400.0
243 21166.0 64518.0
244 24325.0 64847.0
245 23302.0 64363.0
246 17752.0 65361.0
247 26483.0 86393.0
248 24146.0 67673.0
249 22811.0 68279.0
250 26983.0 65488.0
251 17137.0 70351.0
252 62639.0 71230.0
253 25711.0 64378.0
254 26990.0 86396.0
255 18730.0 69384.0
256 20330.0 62714.0
257 26500.0 28575.0
258 24339.0 67685.0
259 23068.0 69582.0
260 19112.0 50290.0
261 22406.0 62746.0
262 17860.0 64740.0
263 20847.0 63236.0
264 22359.0 65563.0
265 23531.0 86397.0
266 61307.0 64224.0
267 23356.0 86389.0
268 60531.0 63871.0
269 21811.0 69185.0
270 19301.0 64625.0
271 27.0 31315.0
272 20705.0 63830.0
273 23627.0 69798.0
274 19796.0 86394.0
275 24146.0 75811.0
276 28359.0 86140.0
277 22777.0 66571.0
278 23251.0 38705.0
279 20683.0 67362.0
280 27220.0 65847.0
281 26351.0 28472.0
282 2.0 67415.0
283 21863.0 67596.0
284 152.0 83660.0
285 24585.0 68153.0
286 20339.0 67112.0
287 24021.0 67781.0
288 15774.0 67826.0
289 22152.0 79585.0
290 25921.0 68211.0
291 21292.0 63108.0
292 24923.0 65593.0
293 25146.0 66572.0
294 24930.0 77679.0
295 24768.0 86374.0
296 20842.0 86397.0
297 18377.0 61151.0
298 27.0 66105.0
299 20997.0 66986.0
300 26.0 67449.0
301 24572.0 86387.0
302 25719.0 86235.0
303 18835.0 70095.0
304 24153.0 69215.0
305 22668.0 63630.0
306 20432.0 63670.0
307 23992.0 64743.0
308 24.0 86378.0
309 20528.0 67216.0
310 50851.0 63967.0
311 9.0 83373.0
312 54.0 66396.0
313 7.0 67882.0
314 54216.0 86397.0
315 70449.0 86374.0
316 24527.0 74214.0
317 21056.0 86382.0
318 20233.0 65890.0
319 20055.0 80389.0
320 553.0 85826.0
321 22360.0 64942.0
322 23435.0 86397.0
323 3.0 63943.0
324 23608.0 66671.0
325 26598.0 71823.0
326 22603.0 64947.0
327 18163.0 86374.0
328 16742.0 75013.0
329 24466.0 71553.0
330 25804.0 28064.0
331 18769.0 70422.0
332 19700.0 68762.0
333 18067.0 68097.0
334 54046.0 65920.0
335 26345.0 64114.0
336 25142.0 67990.0
337 47567.0 64287.0
338 24210.0 86374.0
339 26046.0 86398.0
340 26006.0 68689.0
341 54341.0 83129.0
342 24286.0 68775.0
343 25232.0 66916.0
344 24.0 67752.0
345 21862.0 70599.0
346 17835.0 63210.0
347 56934.0 62029.0
348 23864.0 32855.0
349 20848.0 29521.0
350 23.0 70244.0
351 16716.0 64761.0
352 19467.0 27230.0
353 19881.0 64010.0
354 3.0 68670.0
355 57799.0 72717.0
356 22693.0 67361.0
357 16433.0 83558.0
358 15703.0 63161.0
359 24096.0 67648.0
360 21800.0 64143.0
361 19446.0 72430.0
362 25230.0 71705.0
363 23056.0 67258.0
364 20743.0 64036.0
365 19459.0 69938.0
366 23593.0 66483.0
367 61309.0 65179.0
368 26891.0 64144.0
369 19535.0 68122.0
370 2.0 86375.0
371 24246.0 64018.0
372 2640.0 86383.0
373 19601.0 69140.0
374 16.0 64799.0
375 25118.0 65624.0
376 22066.0 86375.0
377 21439.0 68250.0
378 22290.0 68437.0
379 18012.0 64081.0
380 21796.0 83762.0
381 8.0 67429.0
382 18536.0 67525.0
383 17269.0 70643.0
384 22414.0 64014.0
385 20892.0 86384.0
386 22862.0 65208.0
387 7.0 65192.0
388 19048.0 86398.0
389 19381.0 65850.0
390 23707.0 64862.0
391 61503.0 66857.0
392 22407.0 64637.0
393 26597.0 65055.0
394 20738.0 66818.0
395 19909.0 86361.0
396 18356.0 25582.0
397 60961.0 67761.0
398 21067.0 65171.0
399 19664.0 62453.0
400 24628.0 67415.0
401 24.0 68014.0
402 57761.0 86398.0
403 20054.0 21554.0
404 20899.0 68237.0
405 14859.0 66602.0
406 17732.0 82088.0
407 9.0 70741.0
408 21015.0 65774.0
409 22836.0 65551.0
410 22610.0 69197.0
411 19531.0 59747.0
412 22284.0 65681.0
413 21.0 70496.0
414 16577.0 66073.0
415 23748.0 66055.0
416 17860.0 67104.0
417 11.0 68767.0
418 18387.0 65270.0
419 22303.0 73297.0
420 21426.0 86385.0
421 9.0 86396.0
422 6.0 69668.0
423 60443.0 67636.0
424 20626.0 63084.0
425 20427.0 70360.0
426 24727.0 86392.0
427 21728.0 70721.0
428 24529.0 66529.0
429 59373.0 66238.0
430 25045.0 69241.0
431 25218.0 67417.0
432 55389.0 65598.0
433 60474.0 68097.0
434 56360.0 72816.0
435 25694.0 59288.0
436 24286.0 67443.0
437 23361.0 68142.0
438 17406.0 65573.0
439 18354.0 62702.0
440 23667.0 50068.0
441 23743.0 63415.0
442 25453.0 70384.0
443 18372.0 68875.0
444 8.0 82654.0
445 20255.0 65614.0
446 25230.0 67432.0
447 19949.0 73805.0
448 3.0 68292.0
449 27413.0 86389.0
450 30703.0 66950.0
451 25128.0 63170.0
452 21663.0 65292.0
453 25716.0 67460.0
454 60859.0 63137.0
455 26567.0 66941.0
456 19270.0 67501.0
457 20838.0 67732.0
458 34690.0 78835.0
459 21304.0 64548.0
460 33131.0 84174.0
461 20949.0 67588.0
462 25243.0 68604.0
463 25047.0 65051.0
464 20847.0 86383.0
465 20844.0 68482.0
466 23751.0 65510.0
467 22699.0 61635.0
468 20626.0 66778.0
469 16783.0 70170.0
470 25954.0 64792.0
471 22196.0 85803.0
472 27933.0 69020.0
473 25913.0 72880.0
474 25031.0 65283.0
475 10.0 70275.0
476 22910.0 66014.0
477 21494.0 86361.0
478 24.0 66796.0
479 19355.0 68063.0
480 18974.0 71163.0
481 24.0 4976.0
482 19150.0 86375.0
483 22262.0 70363.0
484 21457.0 78603.0
485 58076.0 67154.0
486 15461.0 63852.0
487 17074.0 65701.0
488 27425.0 54301.0
489 19301.0 71538.0
490 19297.0 77924.0
491 22268.0 79587.0
492 21289.0 64183.0
493 19993.0 66565.0
494 19215.0 62107.0
495 26105.0 29440.0
496 27520.0 68251.0
497 39466.0 66381.0
498 21663.0 63644.0
499 11.0 65427.0
500 2.0 64038.0
501 21580.0 85487.0
502 18150.0 69152.0
503 552.0 67052.0
504 27097.0 66826.0
505 61070.0 64738.0
506 19114.0 86390.0
507 27093.0 64648.0
508 23746.0 70154.0
509 27102.0 66280.0
510 2.0 67220.0
511 7.0 86386.0
512 49522.0 82532.0
513 6.0 76191.0
514 54955.0 85600.0
515 21430.0 86180.0
516 22074.0 61467.0
517 22612.0 66551.0
518 19376.0 68883.0
519 42588.0 67328.0
520 22580.0 80110.0
521 21244.0 86385.0
522 22218.0 72224.0
523 20887.0 78637.0
524 24752.0 79969.0
525 19557.0 71215.0
526 21800.0 62863.0
527 19550.0 66359.0
528 18835.0 73655.0
529 19422.0 30014.0
530 17382.0 27940.0
531 21560.0 64207.0
532 18108.0 65638.0
533 25238.0 65272.0
534 10.0 65426.0
535 23742.0 62477.0
536 61893.0 70050.0
537 23572.0 67488.0
538 23.0 86389.0
539 18702.0 68760.0
540 20685.0 69796.0
541 485.0 86394.0
542 23787.0 86390.0
543 22225.0 60823.0
544 16800.0 22020.0
545 26302.0 66600.0
546 20369.0 75914.0
547 22732.0 74496.0
548 22938.0 66654.0
549 25126.0 64200.0
550 19777.0 27945.0
551 21276.0 68888.0
552 24524.0 61618.0
553 21734.0 70076.0
554 5201.0 67135.0
555 35733.0 64144.0
556 57858.0 85868.0
557 17857.0 84560.0
558 17475.0 84632.0
559 24136.0 27798.0
560 56219.0 66313.0
561 19304.0 67047.0
562 22674.0 64975.0
563 20517.0 65797.0
564 57305.0 62683.0
565 20519.0 65692.0
566 22820.0 64287.0
567 20532.0 29837.0
568 18065.0 81837.0
569 29799.0 81362.0
570 24615.0 65365.0
571 24737.0 84450.0
572 23694.0 69170.0
573 22587.0 63754.0
574 22697.0 66892.0
575 23742.0 64149.0
576 23429.0 61844.0
577 19578.0 65792.0
578 23100.0 78723.0
579 24850.0 27946.0
580 26467.0 66002.0
581 23144.0 66424.0
582 22127.0 62875.0
583 21864.0 25865.0
584 22755.0 72922.0
585 24109.0 66425.0
586 50627.0 56155.0
587 18.0 86383.0
588 14.0 66275.0
589 26571.0 65317.0
590 2.0 1760.0
591 10.0 84718.0
592 27322.0 84499.0
593 26.0 86385.0
594 23840.0 86376.0
595 30.0 2879.0
596 37959.0 67687.0
597 57424.0 86100.0
598 24222.0 66884.0
599 2.0 66068.0
600 23328.0 65912.0
601 46892.0 64466.0
602 18730.0 56138.0
603 23500.0 62685.0
604 24571.0 71373.0
605 48849.0 71157.0
606 25700.0 86329.0
607 23.0 263.0
608 17861.0 67222.0
609 24217.0 78330.0
610 23662.0 81832.0
611 54493.0 67997.0
612 25686.0 65116.0
613 22256.0 78988.0
614 36190.0 64363.0
615 12.0 60998.0
616 22451.0 86389.0
617 30.0 64788.0
618 18922.0 86359.0
619 18576.0 67639.0
620 25048.0 86380.0
621 27954.0 67721.0
622 23255.0 68821.0
623 24720.0 79678.0
624 22671.0 78164.0
625 24534.0 66996.0
626 23665.0 65114.0
627 19521.0 68469.0
628 20783.0 29974.0
629 27718.0 62599.0
630 21111.0 66565.0
631 23351.0 26435.0
632 21586.0 70907.0
633 20176.0 66105.0
634 24996.0 67433.0
635 19048.0 67983.0
636 25427.0 63796.0
637 24617.0 66542.0
638 25816.0 78764.0
639 55691.0 81512.0
640 21604.0 67842.0
641 23843.0 27093.0
642 24718.0 81892.0
643 23319.0 66143.0
644 22708.0 74178.0
645 24022.0 26285.0
646 23450.0 71133.0
647 16172.0 72728.0
648 19468.0 65695.0
649 19700.0 70254.0
650 20721.0 64225.0
651 21408.0 66057.0
652 22409.0 68949.0
653 24921.0 28611.0
654 24393.0 66857.0
655 25464.0 31712.0
656 25904.0 72649.0
657 21990.0 74035.0
658 15344.0 67140.0
659 24534.0 70618.0
660 60107.0 65044.0
661 20963.0 66695.0
662 20282.0 65083.0
663 21667.0 84626.0
664 27096.0 68085.0
665 22377.0 68389.0
666 26143.0 70797.0
667 23484.0 26772.0
668 19267.0 30291.0
669 60213.0 65950.0
670 21123.0 65630.0
671 23597.0 66998.0
672 22738.0 26956.0
673 23690.0 66106.0
674 24574.0 25705.0
675 25578.0 66668.0
676 25420.0 63526.0
677 13.0 86386.0
678 22062.0 70046.0
679 1505.0 3230.0
680 25145.0 63211.0
681 25585.0 85656.0
682 23063.0 66802.0
683 28508.0 70742.0
684 25514.0 65257.0
685 24247.0 62756.0
686 26817.0 67809.0
687 20849.0 62057.0
688 36396.0 86380.0
689 8.0 86385.0
690 27.0 81699.0
691 24722.0 86399.0
692 25324.0 86389.0
693 7.0 63721.0
694 24435.0 69284.0
695 19708.0 82464.0
696 36088.0 76056.0
697 1106.0 86376.0
698 19782.0 65637.0
699 24577.0 81020.0
700 21807.0 69284.0
701 21735.0 66083.0
702 22338.0 86380.0
703 26103.0 86390.0
704 27525.0 86377.0
705 13.0 64479.0
706 25030.0 67307.0
707 30.0 84468.0
708 24625.0 86391.0
709 29009.0 66083.0
710 39.0 62255.0
711 24947.0 65085.0
712 59570.0 61756.0
713 25532.0 86390.0
714 21783.0 68120.0
715 30186.0 64035.0
716 2.0 64636.0
717 14.0 75595.0
718 16885.0 64107.0
719 20434.0 73771.0
720 18646.0 48967.0
721 59404.0 72209.0
722 20239.0 86399.0
723 55876.0 65029.0
724 20088.0 66574.0
725 54877.0 65433.0
726 61646.0 65192.0
727 55199.0 68349.0
728 25240.0 63783.0
729 26.0 85354.0
730 24716.0 28315.0
731 56565.0 63296.0
732 23531.0 61742.0
733 21868.0 64751.0
734 24956.0 82280.0
735 24528.0 76924.0
736 24572.0 67437.0
737 24619.0 61494.0
738 22083.0 43091.0
739 21130.0 59865.0
740 62169.0 64953.0
741 25696.0 67392.0
742 20740.0 69038.0
743 23867.0 69285.0
744 25622.0 68485.0
745 25359.0 66999.0
746 25990.0 67348.0
747 21024.0 40954.0
748 25900.0 64479.0
749 21067.0 65469.0
750 17749.0 67307.0
751 22803.0 86387.0
752 21798.0 86183.0
753 21178.0 67434.0
754 21166.0 66505.0
755 25252.0 86384.0
756 25040.0 62449.0
757 60691.0 64170.0
758 21403.0 64511.0
759 59557.0 86309.0
760 23497.0 64820.0
761 19003.0 84414.0
762 26407.0 61820.0
763 25351.0 61900.0
764 57397.0 67910.0
765 6.0 63064.0
766 23746.0 66323.0
767 58888.0 62515.0
768 22698.0 64115.0
769 21341.0 62875.0
770 22204.0 82479.0
771 25921.0 66536.0
772 21881.0 54330.0
773 60639.0 86386.0
774 59897.0 64944.0
775 22840.0 65043.0
776 23651.0 63689.0
777 23102.0 66551.0
778 22592.0 63689.0
779 23623.0 84280.0
780 23405.0 70279.0
781 14.0 792.0
782 24477.0 63034.0
783 63797.0 65291.0
784 26093.0 63690.0
785 25919.0 64154.0
786 26002.0 67982.0
787 24539.0 69893.0
788 17.0 68461.0
789 23183.0 63460.0
790 23398.0 66866.0
791 21490.0 86381.0
792 19301.0 66944.0
793 25704.0 82623.0
794 22006.0 66416.0
795 23439.0 70796.0
796 19294.0 79559.0
797 20635.0 65427.0
798 22075.0 25865.0
799 20003.0 75682.0
800 48441.0 52514.0
801 25571.0 63222.0
802 25714.0 70827.0
803 27977.0 75882.0
804 55292.0 86385.0
805 21487.0 65218.0
806 18347.0 86394.0
807 24501.0 70669.0
808 23575.0 26073.0
809 22938.0 86382.0
810 21463.0 86391.0
811 20956.0 86185.0
812 25339.0 63502.0
813 12.0 86386.0
814 23499.0 66549.0
815 7.0 63888.0
816 17.0 65549.0
817 57929.0 66379.0
818 24570.0 86387.0
819 25914.0 74672.0
820 742.0 62249.0
821 23260.0 66851.0
822 24469.0 68832.0
823 20789.0 62173.0
824 20100.0 74254.0
825 22127.0 61056.0
826 22937.0 66876.0
827 60216.0 63870.0
828 25675.0 65910.0
829 22969.0 74720.0
830 25811.0 69515.0
831 22063.0 66552.0
832 24.0 86156.0
833 9.0 86391.0
834 21655.0 64024.0
835 23701.0 69554.0
836 16.0 62728.0
837 24921.0 66082.0
838 26196.0 68863.0
839 20331.0 86380.0
840 22147.0 70827.0
841 13.0 63648.0
842 25810.0 67912.0
843 23267.0 65282.0
844 24568.0 65028.0
845 20181.0 70547.0
846 23130.0 69192.0
847 24825.0 62896.0
848 19418.0 65924.0
849 59102.0 67257.0
850 19870.0 76050.0
851 19199.0 73275.0
852 23183.0 86375.0
853 23.0 69676.0
854 24952.0 75868.0
855 15793.0 80863.0
856 22602.0 71657.0
857 21854.0 65867.0
858 21070.0 65089.0
859 26006.0 64050.0
860 59640.0 86381.0
861 23706.0 72085.0
862 22762.0 80613.0
863 26.0 68489.0
864 21753.0 86387.0
865 19501.0 67228.0
866 54.0 69426.0
867 53236.0 79021.0
868 8.0 86391.0
869 26909.0 82616.0
870 21262.0 66968.0
871 21.0 49907.0
872 18482.0 86396.0
873 22410.0 55067.0
874 51182.0 65305.0
875 26063.0 70214.0
876 21077.0 67840.0
877 54758.0 86375.0
878 26.0 86377.0
879 47836.0 68419.0
880 16683.0 81886.0
881 23529.0 86375.0
882 26.0 77691.0
883 29398.0 64905.0
884 26.0 68864.0
885 19646.0 86375.0
886 18373.0 66381.0
887 16701.0 69555.0
888 19801.0 25716.0
889 19048.0 71604.0
890 21653.0 81672.0
891 22703.0 79530.0
892 58902.0 71527.0
893 17726.0 86375.0
894 24.0 70158.0
895 26258.0 75919.0
896 26094.0 65912.0
897 27622.0 65140.0
898 20526.0 66009.0
899 26543.0 66059.0
900 15642.0 61006.0
901 24142.0 33006.0
902 56303.0 65232.0
903 23689.0 67729.0
904 56994.0 62746.0
905 54170.0 78524.0
906 23565.0 66148.0
907 18746.0 30825.0
908 25112.0 83194.0
909 22138.0 65896.0
910 59407.0 66255.0
911 23487.0 78817.0
912 19309.0 66377.0
913 23068.0 73460.0
914 27990.0 64160.0
915 27726.0 68623.0
916 55665.0 68975.0
917 42478.0 67727.0
918 21576.0 64374.0
919 47448.0 63415.0
920 24056.0 65140.0
921 18200.0 63856.0
922 23322.0 65220.0
923 24630.0 34359.0
924 19785.0 72849.0
925 17288.0 67244.0
926 26702.0 86378.0
927 25801.0 86132.0
928 22233.0 68838.0
929 25522.0 66836.0
930 21532.0 69163.0
931 26025.0 69103.0
932 7.0 67192.0
933 21806.0 68380.0
934 23703.0 77590.0
935 19265.0 66117.0
936 43976.0 68476.0
937 26351.0 64653.0
938 19340.0 67520.0
939 22047.0 69038.0
940 24468.0 67738.0
941 25240.0 64514.0
942 18565.0 63313.0
943 24041.0 63992.0
944 19839.0 61985.0
945 18384.0 64491.0
946 23565.0 76058.0
947 62445.0 72628.0
948 24828.0 78519.0
949 19688.0 71528.0
950 10.0 31273.0
951 26458.0 66091.0
952 24575.0 61380.0
953 55615.0 65926.0
954 26451.0 76005.0
955 17161.0 68427.0
956 24421.0 68098.0
957 59693.0 70056.0
958 19559.0 63178.0
959 17118.0 71497.0
960 25467.0 76534.0
961 24835.0 73476.0
962 18599.0 62031.0
963 23521.0 63634.0
964 24554.0 74930.0
965 18328.0 71663.0
966 20140.0 48075.0
967 20467.0 74305.0
968 17050.0 68586.0
969 25430.0 66648.0
970 21063.0 66519.0
971 22679.0 72599.0
972 59388.0 65844.0
973 59305.0 66090.0
974 59864.0 65351.0
975 19455.0 66222.0
976 19732.0 58098.0
977 21403.0 66893.0
978 27999.0 68422.0
979 19258.0 28339.0
980 25622.0 74573.0
981 17963.0 66370.0
982 21729.0 86378.0
983 25130.0 67602.0
984 25912.0 66327.0
985 25238.0 62482.0
986 26806.0 68139.0
987 24346.0 64328.0
988 24010.0 64996.0
989 25797.0 65487.0
990 21353.0 65643.0
991 21301.0 65194.0
992 21941.0 74889.0
993 24743.0 65467.0
994 19372.0 46278.0
995 29591.0 69539.0
996 20197.0 61800.0
997 22305.0 66842.0
998 26346.0 71155.0
999 23825.0 64290.0
1000 25050.0 67332.0
1001 58420.0 68383.0
1002 57676.0 69894.0
1003 21507.0 65944.0
1004 24143.0 26546.0
1005 26006.0 61596.0
1006 22763.0 71029.0
1007 20328.0 67891.0
1008 23621.0 62184.0
1009 21412.0 67185.0
1010 23707.0 66459.0
1011 25030.0 64218.0
1012 57406.0 63318.0
1013 26780.0 68530.0
1014 23528.0 68769.0
1015 26.0 64713.0
1016 23.0 86387.0
1017 20331.0 72255.0
1018 20186.0 62123.0
1019 22674.0 68443.0
1020 21672.0 64880.0
1021 19833.0 63859.0
1022 22685.0 68519.0
1023 56927.0 62346.0
1024 27.0 67248.0
1025 24963.0 66561.0
1026 25459.0 68232.0
1027 23233.0 63758.0
1028 24624.0 63673.0
1029 25719.0 66005.0
1030 18040.0 67253.0
1031 27117.0 82468.0
1032 7.0 73768.0
1033 101.0 86376.0
1034 18625.0 86379.0
1035 22340.0 72001.0
1036 22151.0 86387.0
1037 22053.0 71696.0
1038 22619.0 63227.0
1039 23139.0 64398.0
1040 21889.0 79936.0
1041 21589.0 67807.0
1042 23899.0 65038.0
1043 21006.0 70432.0
1044 22902.0 30568.0
1045 21457.0 61926.0
1046 17782.0 64909.0
1047 21655.0 66945.0
1048 19548.0 32237.0
1049 22813.0 65327.0
1050 20575.0 68737.0
1051 21416.0 62735.0
1052 23623.0 82341.0
1053 22836.0 63482.0
1054 22631.0 68564.0
1055 21657.0 65403.0
1056 62234.0 64801.0
1057 25799.0 86392.0
1058 10.0 68413.0
1059 24619.0 86376.0
1060 19460.0 72369.0
1061 10.0 64079.0
1062 17453.0 62713.0
1063 58935.0 65933.0
1064 25329.0 65436.0
1065 22281.0 82178.0
1066 21434.0 35556.0
1067 20425.0 70930.0
1068 19275.0 64436.0
1069 23916.0 26669.0
1070 20526.0 67732.0
1071 27631.0 70053.0
1072 21179.0 64057.0
1073 19454.0 66055.0
1074 20685.0 69496.0
1075 19268.0 67664.0
1076 20174.0 64502.0
1077 20583.0 30743.0
1078 23790.0 65768.0
1079 17269.0 62293.0
1080 22297.0 69129.0
1081 19914.0 65575.0
1082 22134.0 69565.0
1083 22368.0 74271.0
1084 27417.0 55246.0
1085 19772.0 69858.0
1086 23099.0 63536.0
1087 24940.0 69751.0
1088 19219.0 62975.0
1089 57635.0 67092.0
1090 23664.0 65404.0
1091 21543.0 67847.0
1092 18717.0 78610.0
1093 23513.0 63971.0
1094 25044.0 69813.0
1095 23071.0 65299.0
1096 21739.0 72879.0
1097 27218.0 66974.0
1098 60422.0 69197.0
1099 49248.0 67484.0
1100 24186.0 69184.0
1101 23080.0 63154.0
1102 26690.0 76252.0
1103 24328.0 68090.0
1104 25278.0 47691.0
1105 25132.0 67316.0
1106 22686.0 65820.0
1107 25606.0 31570.0
1108 18773.0 31133.0
1109 22764.0 46149.0
1110 23152.0 28226.0
1111 21057.0 66338.0
1112 56481.0 65163.0
1113 23312.0 32188.0
1114 16087.0 67332.0
1115 26472.0 67324.0
1116 24956.0 67615.0
1117 19148.0 68205.0
1118 19876.0 28357.0
1119 20948.0 64177.0
1120 64851.0 69836.0
1121 18804.0 74785.0
1122 22964.0 70374.0
1123 18127.0 70279.0
1124 20584.0 64068.0
1125 20626.0 66458.0
1126 23591.0 79372.0
1127 23604.0 66826.0
1128 20894.0 83439.0
1129 23961.0 80047.0
1130 55354.0 74338.0
1131 66674.0 72023.0
1132 22982.0 74223.0
1133 54493.0 63976.0
1134 21812.0 73828.0
1135 22610.0 77038.0
1136 16755.0 71449.0
1137 22944.0 63732.0
1138 21233.0 83090.0
1139 21366.0 73212.0
1140 20586.0 83180.0
1141 21071.0 83294.0
1142 21412.0 80742.0
1143 20082.0 82496.0
1144 22580.0 69438.0
1145 24482.0 84688.0
1146 22690.0 65882.0
1147 24758.0 79658.0
1148 53690.0 65042.0
1149 19531.0 72969.0
1150 24824.0 66433.0
1151 21930.0 68932.0
1152 20093.0 65849.0
1153 58440.0 69825.0
1154 53251.0 66995.0
1155 19410.0 66003.0
1156 60467.0 68055.0
1157 24860.0 81126.0
1158 22705.0 77493.0
1159 20792.0 24660.0
1160 19192.0 64534.0
1161 22060.0 67153.0