0 316.0 4891.0
1 37.0 1790.0
2 23247.0 60563.0
3 22130.0 62205.0
4 30989.0 62155.0
5 20968.0 44203.0
6 2.0 4196.0
7 26.0 2820.0
8 19755.0 60444.0
9 20.0 3261.0
10 40546.0 62223.0
11 26119.0 62125.0
12 21031.0 59277.0
13 20514.0 62236.0
14 21.0 4931.0
15 19386.0 62202.0
16 22.0 4601.0
17 21928.0 62204.0
18 21.0 1805.0
19 12.0 4576.0
20 14.0 2236.0
21 23329.0 62207.0
22 22272.0 61143.0
23 23090.0 62146.0
24 31579.0 62133.0
25 489.0 639.0
26 11.0 6907.0
27 22589.0 62240.0
28 23089.0 62240.0
29 21.0 58918.0
30 21797.0 62205.0
31 39348.0 62110.0
32 26088.0 30636.0
33 44411.0 62216.0
34 23648.0 62185.0
35 1600.0 59718.0
36 23903.0 61313.0
37 22.0 108.0
38 14.0 7139.0
39 38014.0 57888.0
40 28659.0 60161.0
41 27617.0 62240.0
42 27061.0 62210.0
43 24770.0 62206.0
44 31967.0 62097.0
45 23415.0 62007.0
46 22037.0 35908.0
47 47500.0 58524.0
48 33653.0 62209.0
49 24039.0 25981.0
50 42589.0 62212.0
51 29570.0 62240.0
52 35087.0 62194.0
53 23557.0 62240.0
54 13.0 42.0
55 29958.0 59171.0
56 25055.0 62186.0
57 30944.0 60000.0
58 17.0 3392.0
59 22.0 4957.0
60 21424.0 62235.0
61 24688.0 62208.0
62 22.0 2366.0
63 22938.0 60038.0
64 24028.0 62219.0
65 9.0 4070.0
66 25746.0 61015.0
67 28.0 6404.0
68 22.0 2519.0
69 16.0 2210.0
70 792.0 3684.0
71 24262.0 62183.0
72 1.0 15996.0
73 20182.0 58225.0
74 10.0 6764.0
75 3.0 1676.0
76 50657.0 61931.0
77 6.0 2761.0
78 7.0 62233.0
79 74.0 6649.0
80 23242.0 61774.0
81 26.0 3702.0
82 22999.0 28731.0
83 36267.0 62221.0
84 15.0 5450.0
85 8.0 4306.0
86 32608.0 62193.0
87 30281.0 60454.0
88 29.0 60371.0
89 18245.0 62200.0
90 36830.0 62217.0
91 20162.0 45931.0
92 32907.0 62193.0
93 22107.0 62204.0
94 943.0 62211.0
95 27.0 61144.0
96 20.0 1664.0
97 24741.0 60391.0
98 4.0 4764.0
99 30154.0 61860.0
100 23.0 61499.0
101 11.0 6132.0
102 22173.0 62202.0
103 19239.0 62235.0
104 80.0 62240.0
105 23273.0 61678.0
106 38703.0 62205.0
107 28501.0 61823.0
108 23089.0 62124.0
109 23728.0 58406.0
110 1.0 62240.0
111 28459.0 58514.0
112 9.0 57618.0
113 27846.0 59093.0
114 27685.0 54909.0
115 22350.0 46285.0
116 28752.0 62212.0
117 27997.0 61174.0
118 23702.0 56408.0
119 29754.0 49795.0
120 45.0 56173.0
121 5.0 62236.0
122 27814.0 35203.0
123 26125.0 62130.0
124 27360.0 62216.0
125 25461.0 55920.0
126 23305.0 62216.0
127 26857.0 53842.0
128 48817.0 62240.0
129 53409.0 60887.0
130 29409.0 62191.0
131 25599.0 53321.0
132 27174.0 33644.0
133 36099.0 59035.0
134 22613.0 60103.0
135 25139.0 34598.0
136 47889.0 62224.0
137 23587.0 62183.0
138 22912.0 47059.0
139 23374.0 58520.0
140 60256.0 62130.0
141 53794.0 62221.0
142 22374.0 42671.0
143 23251.0 56301.0
144 46738.0 62237.0
145 24113.0 62182.0
146 30124.0 53761.0
147 21426.0 62240.0
148 20851.0 41364.0
149 4.0 6676.0
150 800.0 3558.0
151 25739.0 62187.0
152 27.0 3113.0
153 23822.0 50929.0
154 5.0 1235.0
155 24864.0 60050.0
156 42513.0 62233.0
157 15.0 4601.0
158 55559.0 62189.0
159 61485.0 62130.0
160 25360.0 52252.0
161 20562.0 41617.0
162 29.0 62235.0
163 0.0 1384.0
164 31463.0 62233.0
165 33923.0 33924.0
166 38156.0 62138.0
167 32168.0 62215.0
168 28441.0 47875.0
169 52949.0 62186.0
170 34290.0 62240.0
171 26655.0 51361.0
172 1.0 49162.0
173 29795.0 61390.0
174 28532.0 62191.0
175 23141.0 62205.0
176 22140.0 61372.0
177 16.0 705.0
178 43943.0 48345.0
179 25485.0 62209.0
180 28209.0 52612.0
181 22769.0 62240.0
182 25429.0 36089.0
183 0.0 57595.0
184 27097.0 62186.0
185 24086.0 45210.0
186 40506.0 62210.0
187 23379.0 61602.0
188 28.0 7146.0
189 23615.0 59916.0
190 28696.0 62237.0
191 25.0 61680.0
192 83.0 62226.0
193 28717.0 53262.0
194 26678.0 62235.0
195 494.0 15619.0
196 30188.0 59928.0
197 26183.0 62216.0
198 23030.0 61753.0
199 28173.0 60755.0
200 22645.0 47294.0
201 46687.0 62131.0
202 27326.0 52849.0
203 26989.0 57713.0
204 31696.0 57508.0
205 29793.0 62139.0
206 32032.0 62212.0
207 57288.0 60138.0
208 3.0 4558.0
209 24114.0 62207.0
210 22812.0 62183.0
211 13.0 1831.0
212 1.0 1537.0
213 42510.0 62230.0
214 57972.0 61356.0
215 14.0 2620.0
216 27700.0 52101.0
217 26482.0 55749.0
218 20535.0 62236.0
219 41603.0 62235.0
220 37816.0 59241.0
221 22.0 1393.0
222 34501.0 58415.0
223 21.0 567.0
224 15.0 1889.0
225 3.0 2465.0
226 25425.0 62185.0
227 32467.0 62214.0
228 28345.0 62210.0
229 56873.0 62222.0
230 36226.0 62217.0
231 24.0 62212.0
232 28281.0 62132.0
233 30749.0 62212.0
234 24.0 62193.0
235 32672.0 62215.0
236 28940.0 57412.0
237 37728.0 53960.0
238 34503.0 62216.0
239 29715.0 62189.0
240 27324.0 56227.0
241 38013.0 62139.0
242 21518.0 55738.0
243 34316.0 61888.0
244 54619.0 62187.0
245 15.0 6353.0
246 26301.0 59539.0
247 31.0 2582.0
248 26878.0 56579.0
249 8.0 2410.0
250 24381.0 55927.0
251 12.0 5671.0
252 36823.0 62135.0
253 25593.0 59422.0
254 27.0 773.0
255 30.0 1784.0
256 24517.0 33955.0
257 2.0 3573.0
258 3.0 823.0
259 44247.0 62235.0
260 0.0 59926.0
261 26051.0 62185.0
262 18.0 6795.0
263 28069.0 62133.0
264 0.0 4963.0
265 26054.0 53686.0
266 12.0 5089.0
267 25529.0 62186.0
268 21682.0 59802.0
269 39387.0 62189.0
270 44977.0 51020.0
271 23613.0 61140.0
272 57001.0 62222.0
273 17.0 1604.0
274 34706.0 62193.0
275 20.0 4369.0
276 45760.0 62217.0
277 20.0 62203.0
278 38554.0 62217.0
279 23940.0 62185.0
280 23192.0 62145.0
281 26592.0 61786.0
282 21.0 47125.0
283 19.0 62237.0
284 14.0 1194.0
285 30567.0 59315.0
286 36608.0 57315.0
287 24049.0 59509.0
288 32072.0 59319.0
289 19.0 62193.0
290 5.0 56461.0
291 24739.0 50060.0
292 24167.0 57692.0
293 21882.0 59219.0
294 1.0 16383.0
295 9.0 49620.0
296 22013.0 58389.0
297 977.0 16782.0
298 20969.0 56396.0
299 27549.0 60321.0
300 24265.0 58387.0
301 22.0 60627.0
302 50420.0 62217.0
303 35875.0 62128.0
304 43021.0 61290.0
305 21.0 61213.0
306 45291.0 62235.0
307 20947.0 62237.0
308 24319.0 62182.0
309 23381.0 62207.0
310 24916.0 62206.0
311 8.0 61618.0
312 26036.0 57689.0
313 7.0 16633.0
314 25247.0 61034.0
315 22347.0 53546.0
316 24523.0 62209.0
317 7.0 8002.0
318 25.0 62132.0
319 1.0 15836.0
320 16.0 62236.0
321 28780.0 55460.0
322 18245.0 62142.0
323 23.0 62220.0
324 20815.0 62237.0
325 41601.0 58199.0
326 17223.0 53194.0
327 14.0 58956.0
328 27.0 62071.0
329 20949.0 60973.0
330 41678.0 56119.0
331 6.0 55367.0
332 22456.0 62205.0
333 41679.0 60942.0
334 20.0 62129.0
335 10.0 4844.0
336 33853.0 59000.0
337 23648.0 61954.0
338 28.0 62124.0
339 53178.0 62217.0
340 29145.0 49771.0
341 42464.0 62235.0
342 23.0 3320.0
343 53442.0 62222.0
344 24801.0 46816.0
345 26627.0 49450.0
346 21971.0 54274.0
347 40100.0 56822.0
348 21987.0 51064.0
349 2.0 59915.0
350 31093.0 51252.0
351 21573.0 62204.0
352 19545.0 62136.0
353 11.0 5292.0
354 5.0 7772.0
355 30.0 5281.0
356 12.0 1397.0
357 26.0 314.0
358 3.0 6739.0
359 25.0 886.0
360 3.0 1242.0
361 8.0 4665.0
362 2.0 980.0
363 19.0 3419.0
364 8.0 2558.0
365 36655.0 62196.0
366 52358.0 62185.0
367 39506.0 61219.0
368 27101.0 51658.0
369 22549.0 62237.0
370 22312.0 53664.0
371 26305.0 46014.0
372 22401.0 50050.0
373 33848.0 62220.0
374 24237.0 53026.0
375 23042.0 42283.0
376 25226.0 62033.0
377 24233.0 55580.0
378 19.0 1170.0
379 22513.0 41640.0
380 29763.0 48628.0
381 43447.0 62233.0