22130 0914 16014.064199999999 51846.9477
22153 0914 15935.169 51850.446225
22176 0914 15692.3064 51782.999775
22199 0914 15706.492199999999 51678.624449999996
22222 0914 15730.4334 52149.540825
22244 0914 15802.8108 52067.056575
22267 0914 15797.358 51860.190975
22292 0914 15605.7006 52211.25225
22315 0914 15777.761999999999 52234.463925
22338 0914 15481.479 52368.749775
22362 0914 15724.5972 52364.457825
22408 0914 15407.653199999999 52507.157175
22431 0914 15285.902399999999 52706.75415
22455 0914 15156.0576 52612.4697
22504 0914 15095.949 52800.5061
22552 0914 15175.5258 53006.578275
22575 0914 14975.9448 52974.2076
22599 0914 15244.9638 53194.5987
22622 0914 15064.5528 53091.565275
22646 0914 14916.5178 53219.4771
22695 0914 14824.374 53650.945875
22719 0914 14780.1978 53545.926224999996
22743 0914 14431.9854 53816.340375
22767 0914 14471.9442 53738.10015
22792 0914 14636.4228 53759.490675
22816 0914 14615.847 53909.123175
22840 0914 14256.6438 53654.268675
22864 0914 14361.099 53932.212374999996
22888 0914 14138.4288 54351.098175
22914 0914 14293.4076 54268.677825
22939 0914 14442.252 54282.629325
22963 0914 14375.029199999999 54383.388975
22988 0914 14179.4526 54760.217925
23013 0914 14301.927599999999 54724.8333
23037 0914 14205.2256 54770.750775
23063 0914 14371.962 54981.333225
23115 0914 14292.3426 55334.625674999996
23140 0914 14479.7826 55302.931274999995
23166 0914 14353.005 55345.190474999996
23192 0914 14615.0802 55693.743675
23218 0914 14458.099199999999 55536.3207
23245 0914 14534.1828 55783.432649999995
23271 0914 14357.9892 55967.549849999996
23298 0914 14336.2206 56265.13215
23324 0914 14254.4712 56227.26075
23593 0914 13593.7026 56486.37525
23620 0914 13549.0578 56676.54165
23647 0914 13812.837 56779.80405
23674 0914 13540.197 56723.572049999995
23702 0914 13452.9522 56537.83605
23727 0914 13528.5672 56677.62795
23755 0914 13667.741399999999 56685.897675
23783 0914 13431.567 57029.7276
23810 0914 13665.9522 57038.844
23837 0914 13577.898 57119.9331
23864 0914 13442.217 57328.4601
23892 0914 13529.802599999999 57333.2313
23919 0914 13513.4442 57144.768899999995
23946 0914 13563.201 57193.5033
23974 0914 13404.0474 57378.5577
24000 0914 13646.697 57094.3305
24027 0914 13305.1302 57278.37315
24054 0914 13602.3078 57259.62915
24081 0914 13538.919 57348.23715
24109 0914 13658.8806 57325.403549999995
24137 0914 13639.7958 57079.345949999995
24190 0914 13339.8918 57226.230749999995
24218 0914 13428.159 57128.42115
24245 0914 13490.8662 57104.56515
24272 0914 13350.1158 57200.32995
24299 0914 13496.319 57443.66115
24326 0914 13393.7382 57189.083549999996
24353 0914 13641.159 57430.02915
24408 0914 13348.071 57177.155549999996
24435 0914 13364.770199999999 57245.65635
24463 0914 13326.9414 57192.15075
24490 0914 13604.6934 57258.94755
24518 0914 13326.6006 57253.835549999996
24545 0914 13655.1318 57091.95555
24573 0914 13497.6822 57450.81795
24600 0914 13465.646999999999 57308.70435
24628 0914 13327.623 57248.38275
24654 0914 13441.4502 57159.77475
24683 0914 13406.007 57170.33955
24738 0914 13380.9156 57172.5867
24767 0914 13462.7076 56894.63235
24824 0914 13410.1392 56641.78005
24852 0914 13746.381 56760.05895
24880 0914 13712.386199999999 56417.357925
24908 0914 13944.087599999999 56263.2258
24937 0914 13891.0932 56133.375674999996
24965 0914 13940.764799999999 55730.427599999995
24993 0914 14179.0266 56124.365775
25022 0914 13760.5242 56027.8182
25049 0914 13822.635 56544.1089
25051 0914 13867.2798 56610.905699999996
25078 0914 14158.962 56519.528699999995
25106 0914 14348.7876 56513.410275
25135 0914 14360.672999999999 56749.243875
25163 0914 14574.6528 56632.7169
25191 0914 14551.861799999999 56471.89125
25219 0914 14258.1774 56030.102625
25826 0914 15081.2094 53132.60505
25855 0914 15012.3678 53293.121849999996
25885 0914 15155.8446 53132.929875
25913 0914 15057.0126 53098.509075
25942 0914 14942.631599999999 53269.01025
26001 0914 15087.2586 52955.463599999995
26030 0914 15096.545399999999 53074.280325
26059 0914 15125.8542 52803.578625
26088 0914 15283.0056 52516.3854
26117 0914 15195.7182 52665.6558
26147 0914 15399.9426 52657.577775
26176 0914 15544.8252 52495.804275
26206 0914 15765.5358 52435.81815
26234 0914 15754.758 52253.14935
26263 0914 15831.438 52263.644925
26293 0914 15860.9172 52217.5038
26322 0914 15918.1716 52473.556424999995
26351 0914 15863.9844 52390.401225
26380 0914 15831.5658 52184.79765
26409 0914 15957.321 52531.32735
26438 0914 16310.8158 52469.126025
26467 0914 16361.0838 52584.838275
26497 0914 16341.7434 52481.661074999996
26526 0914 16314.1386 52521.193875
26583 0914 16589.760599999998 52665.639825
26613 0914 16628.9526 52577.031825
26643 0914 16577.577 52469.780999999995
26672 0914 16660.007999999998 52552.73385
26701 0914 16409.8608 52425.27465
26730 0914 16578.9402 52445.93565
26759 0914 16619.4954 52548.314099999996
26788 0914 16817.7558 52671.63045
26818 0914 17188.1202 52558.969424999996
26847 0914 17435.4558 52621.21335
26877 0914 17385.699 52558.085475
26906 0914 17550.560999999998 52748.731125
26936 0914 17842.6692 52589.151525
26965 0914 17964.0366 52848.07965
26995 0914 18153.777 52682.392275
27023 0914 18420.5808 52753.4544
27053 0914 18615.0498 52788.46095
27083 0914 18679.7592 52672.466475
27142 0914 19357.227 52872.42555
27171 0914 19261.164 52958.26455
27201 0914 19199.5644 53133.643425
27232 0914 19132.086 53324.523375
27261 0914 19258.8636 53276.82735
27291 0914 19268.107799999998 53400.28215
27321 0914 19180.5222 53195.46135
27351 0914 19306.2774 53328.37335
27382 0914 19393.5222 53380.85655
27411 0914 19222.440599999998 53293.95255
27442 0914 19091.9142 53443.56375
27472 0914 19043.5206 53332.80375
27502 0914 19215.6246 53363.47575
27533 0914 19288.215 53469.46455
27563 0914 19125.3126 53315.76375
27594 0914 19129.0614 53508.65655
27623 0914 19144.7382 53207.730149999996
27654 0914 19165.1862 53488.208549999996
27684 0914 19097.367 53560.11735
27715 0914 19368.643799999998 53267.370149999995
27746 0914 19364.895 53534.21655
27776 0914 19101.4566 53412.891749999995
27806 0914 19020.686999999998 53518.19895
27836 0914 19048.2918 53356.31895
27867 0914 19340.9964 53358.667275
27898 0914 19295.67 53226.096075
27929 0914 19047.2268 53402.630475
27991 0914 19189.3404 53286.417675
28022 0914 19234.326 53264.606475
28053 0914 19152.534 53533.497675
28086 0914 19090.1676 53409.105675
28117 0914 19133.4492 53408.083275
28148 0914 19209.4476 53371.958475
28179 0914 19036.662 53441.822475
28210 0914 19152.534 53409.446475
28242 0914 19246.5948 53559.398475
28273 0914 19296.6924 53399.904075
28304 0914 19303.5084 53491.238475
28336 0914 19188.9996 53267.332875
28366 0914 19048.59 53261.539274999996
28399 0914 19296.0108 53259.494475
28430 0914 19078.9212 53365.824075
28461 0914 19375.076399999998 53347.761675
28492 0914 19031.2092 53543.721675
28523 0914 19171.278 53451.024075
28555 0914 19145.718 53461.588875
28586 0914 19083.0108 53433.984075
28619 0914 19162.4172 53510.323274999995
28650 0914 19333.4988 53207.692875
28681 0914 19286.1276 53461.929675
28712 0914 19191.3852 53474.880075
28744 0914 19376.7804 53224.051275
28775 0914 19303.1676 53366.846475
28806 0914 19266.3612 53464.996875
28837 0914 19346.4492 53343.331275
28868 0914 19170.9372 53505.211275
28900 0914 19021.6668 53560.080075
28931 0914 19347.8124 53302.776075
28962 0914 19223.463 53469.78405
28994 0914 19058.388 53161.439925
29025 0914 19088.7192 52967.902799999996
29055 0914 19305.1272 53233.8333
29087 0914 19342.9986 52816.0551
29118 0914 18986.607 52638.14685
29150 0914 18716.8212 52628.354175
29181 0914 18398.5566 52624.392374999996
29213 0914 18255.5484 52858.085325
29244 0914 17994.2826 52682.83425
29275 0914 17965.996199999998 52750.6641
29307 0914 17756.4894 52556.29095
29339 0914 17362.5672 52674.3249
29369 0914 17115.5724 52694.618474999996
29401 0914 16785.039 52628.11455
29433 0914 16815.4128 52696.354425
29465 0914 16630.827 52719.869625
29497 0914 16084.6098 52651.01205
29527 0914 16270.6014 52686.913199999995
29559 0914 15937.5972 52606.4418
29591 0914 15780.3606 52493.695575
29622 0914 15561.2688 52230.374325
29655 0914 15435.8118 52223.728725
30242 0914 14983.3998 53208.6141
30274 0914 14806.7802 53181.461924999996
30307 0914 14912.342999999999 53475.55635
30340 0914 14703.0492 53351.90985
30373 0914 14668.9692 53430.352425
30405 0914 14514.2886 53505.93015
30438 0914 14625.772799999999 53564.35605
30471 0914 14652.866399999999 53536.0164
30505 0914 14251.3614 53874.468075
30538 0914 14464.4466 53703.162825
30570 0914 14208.3354 53754.059175
30604 0914 14286.8046 53994.797099999996
30638 0914 14947.6584 53349.976875
30670 0914 14762.0928 53599.24545
30703 0914 14395.7754 53557.694475
30737 0914 14460.0162 53821.0956
30772 0914 14200.8378 54104.0874
30804 0914 14114.658 53927.238825
30837 0914 14127.0546 54249.097799999996
30872 0914 14204.757 53990.4306
30942 0914 14274.621 54170.788349999995
30975 0914 14302.3536 54318.621
31010 0914 14471.5608 54450.366825
31043 0914 14391.089399999999 54763.215899999996
31076 0914 14182.8606 54921.198
31111 0914 14246.249399999999 54799.8732
31145 0914 14382.484199999999 54966.811949999996
31251 0914 14590.287 55674.206249999996
31285 0914 14518.7616 55967.842725
31319 0914 14264.2266 56459.979224999995
31352 0914 14305.3782 56454.441224999995
31386 0914 13836.6078 56597.523975
31419 0914 13741.269 56584.972949999996
31452 0914 13539.4728 56580.862049999996
31485 0914 13742.9304 56648.654624999996
31519 0914 13839.675 56726.2026
31521 0914 13952.5224 56625.95415
31553 0914 14272.7892 56550.25395
31587 0914 14469.516 56695.1259
31619 0914 14254.812 56464.4043
31651 0914 14231.2968 56762.6043
31685 0914 14453.1576 56523.703499999996
31719 0914 14572.7784 56550.285899999995
31752 0914 14229.5928 56636.167499999996
31786 0914 14337.2856 56545.5147
31820 0914 14316.496799999999 56485.8747
31854 0914 14356.0296 56623.2171
31887 0914 14264.6952 56437.1403
31921 0914 14438.5032 56712.847499999996
31987 0914 14283.439199999999 56656.2747
32020 0914 14314.452 56756.1291
32055 0914 14287.188 56576.5275
32088 0914 14292.9816 56472.9243
32122 0914 14340.352799999999 56613.674699999996
32155 0914 14256.8568 56525.7483
32189 0914 14394.539999999999 56423.5083
32222 0914 14232.3192 56653.5483
32255 0914 14522.34 56773.5099
32290 0914 14395.221599999999 56530.8603
32322 0914 14471.5608 56756.1291
32355 0914 14489.964 56607.8811
32389 0914 14410.2168 56754.0843
32422 0914 14283.907799999999 56390.413425
32455 0914 14478.5898 56182.812975
32522 0914 14295.6228 56004.67575
32556 0914 14363.8254 55996.9758
32590 0914 14562.1284 55885.0869
32624 0914 14603.067 55538.58915
32659 0914 14330.0862 55228.509075
32693 0914 14498.5692 55323.805275
32726 0914 14242.2024 54939.97395
32759 0914 14493.2442 54825.119025
32792 0914 14218.5594 54472.77975
32831 0914 14257.154999999999 54482.492549999995
32859 0914 14385.125399999999 54236.1048
32893 0914 14160.3252 54080.822475
32928 0914 14387.4684 53966.622525
32962 0914 14473.0518 53583.999975
32997 0914 14682.6012 53765.156474999996
33029 0914 14628.413999999999 53538.183675
33064 0914 14588.8812 53804.689275
33097 0914 14463.4668 53774.698875
33132 0914 14468.9196 53546.703675
33166 0914 14578.3164 53476.498875
33200 0914 14549.348399999999 53645.876475
33233 0914 14565.0252 53586.918075
33267 0914 14483.233199999999 53552.156474999996
33302 0914 14867.016599999999 53754.703499999996
33335 0914 14864.3328 53626.9674
33368 0914 14967.893399999999 53236.852575
33402 0914 15039.6744 53018.069625
33440 0914 15085.4268 52791.6453
33469 0914 15458.7732 52661.21475
34147 0914 15578.0106 52149.3225
34181 0914 15707.3442 52019.216775
34215 0914 15818.7006 52487.273625
34249 0914 15936.1914 52233.3297
34283 0914 15945.4782 52423.139325
34317 0914 15904.922999999999 52515.8316
34352 0914 15955.5744 52553.69235
34489 0914 15758.1234 52162.21965
34524 0914 15694.7346 52277.75085
34559 0914 15639.5676 52434.45495
34593 0914 15852.2268 52450.47255
34628 0914 15726.7272 52434.662625
34662 0914 16098.114 52528.87785
34696 0914 16010.8692 52294.89735
34733 0914 16425.4524 52547.978624999996
34767 0914 16225.1472 52479.0252
34802 0914 16600.0698 52700.784824999995
34837 0914 16535.7438 52406.945999999996
34871 0914 16581.0702 52492.146
34905 0914 16521.3876 52422.516299999996
34940 0914 16674.3216 52752.160425
34976 0914 16880.8464 52774.653225
35011 0914 16931.157 52729.412025
35046 0914 17607.9006 52724.75265
35081 0914 17464.721999999998 52608.044625
35117 0914 16976.6112 52404.810675
35118 0914 16984.108799999998 52752.426674999995
35152 0914 16907.428799999998 52539.213675
35188 0914 16580.6442 52665.256425
35224 0914 16171.854599999999 52500.39975
35259 0914 16320.485999999999 52605.66435
35294 0914 15890.9076 52328.471475
35330 0914 15509.7654 52362.1095
35366 0914 15550.3632 52654.6437
35403 0914 15310.099199999999 52656.9228
35439 0914 15308.0118 52698.399225
35476 0914 15301.621799999999 52689.762075
35548 0914 15138.336 52762.927575
35584 0914 15180.2544 53021.253975
35621 0914 15168.3264 52879.140374999995
35657 0914 15390.528 52855.284374999996
35694 0914 15371.784 52998.761175
35731 0914 15194.9088 52886.978774999996
35767 0914 15169.008 52695.108374999996
35803 0914 15373.8288 52703.969175
35839 0914 15105.96 52984.788375
35875 0914 15324.7536 52906.404375
35912 0914 15149.5824 52744.524375
35949 0914 15253.185599999999 52920.036374999996
35985 0914 15232.7376 53010.007574999996
36023 0914 15326.4576 52779.285975
36060 0914 15106.982399999999 52833.813975
36097 0914 15360.1968 52729.869975
36135 0914 15386.779199999999 52721.009175
36173 0914 15421.199999999999 52999.101975
36210 0914 15178.2096 53002.509975
36249 0914 15076.6512 52905.041175
36287 0914 15243.6432 53019.549975
36324 0914 15153.3312 52967.748374999996
36362 0914 15420.859199999999 52848.127575
36401 0914 15085.852799999999 52902.655575
36440 0914 15064.7232 52957.865175
36483 0914 15367.3536 52697.834774999996
36517 0914 15390.8688 52961.613975
36556 0914 15099.144 53012.052375
36595 0914 15250.1184 52815.069975
36634 0914 15278.7456 52899.247575
36673 0914 15384.0528 52844.037975
36713 0914 15143.7888 52733.277975
36752 0914 15242.620799999999 52879.821975
36792 0914 15197.975999999999 52981.380375
36830 0914 15260.3424 52819.841175
36869 0914 15168.3264 53026.706775
36908 0914 15357.1296 52741.116375
36948 0914 15356.1072 52900.610775
36987 0914 15285.561599999999 52883.229975
37025 0914 15412.68 52937.757975
37065 0914 15109.368 52679.431575
37105 0914 15322.368 52951.389975
37144 0914 15384.7344 52774.173975
37182 0914 15372.4656 52969.111574999995
37222 0914 15408.931199999999 52810.980375
37260 0914 15297.7878 53042.729699999996
37300 0914 14854.9182 53128.7604
37340 0914 14641.3218 53550.218175
37380 0914 14403.3156 53841.399825
37420 0914 14197.3446 54026.58735
37462 0914 14179.7934 53916.70065
37502 0914 14477.2266 54192.530325
38354 0914 15454.470599999999 52236.10935
38488 0914 15549.6816 52063.89885
38533 0914 15918.6402 52161.6339
38579 0914 16223.741399999999 52466.373
38626 0914 16101.1386 52305.137324999996
38671 0914 16341.573 52400.75835
38717 0914 16169.3838 52405.620075
38764 0914 16466.1354 52464.514575
42533 0914 15443.9058 52473.732149999996
42534 0914 15657.5874 52271.97855
42583 0914 15295.1466 52427.729475
42635 0914 15509.2542 52558.37835
42686 0914 15369.4836 52876.019925
42788 0914 15048.3222 52972.604775
42840 0914 14848.655999999999 53407.7052
42892 0914 15121.083 53322.36675
42944 0914 14921.076 53532.688275
42997 0914 14947.7862 53457.877349999995
43048 0914 14419.9722 53643.48555
43049 0914 14296.347 53613.638925
43101 0914 14212.425 53908.132724999996
46757 0914 15639.525 52226.710725
46758 0914 15812.992199999999 52089.027525
46811 0914 16035.8328 52439.960999999996
46865 0914 15970.6122 52521.151275
46918 0914 16290.7086 52550.800875
46970 0914 16518.0222 52485.23415
47023 0914 16469.500799999998 52516.380075
50463 0914 14717.874 53661.7716
50464 0914 14835.790799999999 53490.3492
50521 0914 14622.109199999999 53716.6404
50577 0914 14563.6194 53552.561174999995
50635 0914 14696.2758 53839.7331
50693 0914 14430.8352 53983.73175
50749 0914 14304.4836 54005.1276
50808 0914 14283.0558 54117.884475
50865 0914 14465.000399999999 54377.2599
50922 0914 14202.882599999999 54260.594475
54349 0914 15626.8302 52117.287299999996
54405 0914 15807.4542 52159.828725
54462 0914 15787.4322 52174.669499999996
54519 0914 16081.8408 52335.425924999996
54577 0914 15998.5152 52422.905025
54635 0914 16403.8968 52510.266975
54696 0914 16185.742199999999 52332.348075
54754 0914 16325.811 52302.016875
54813 0914 16228.3422 52529.671275
54871 0914 16283.211 52379.719274999996
54932 0914 16161.9714 52286.07915
54989 0914 16549.9296 52471.676699999996
58347 0914 14660.8752 53292.6426
58405 0914 14840.6898 53557.641225
58463 0914 14427.810599999999 53824.85505
58522 0914 14387.766599999999 53885.884874999996
58581 0914 14436.7992 53843.923875
58640 0914 14389.002 53976.2661
58699 0914 14365.0608 53889.20235
58757 0914 14445.3192 54304.3713
58816 0914 14234.7048 54100.429124999995
58872 0914 14455.117199999999 54568.3209
62028 0914 17727.0954 52653.75975
62029 0914 17705.965799999998 52594.11975
62087 0914 17705.2842 52818.4407
62088 0914 17930.34 52695.768675
62146 0914 18234.1632 52891.70205
62205 0914 18160.4652 52825.890374999995