22130 0914 15717.5682 51554.2005
22153 0914 15652.9866 51559.062225
22176 0914 15654.1368 51613.622175
22199 0914 15655.3722 51668.059649999996
22222 0914 15634.3278 51797.153625
22244 0914 15592.877999999999 51841.106175
22267 0914 15592.877999999999 51841.106175
22292 0914 15515.7294 51907.258649999996
22315 0914 15468.9972 51982.271925
22338 0914 15389.1222 52117.239375
22362 0914 15350.057999999999 52183.152225
22408 0914 15294.507599999999 52277.117175
22431 0914 15214.6752 52411.96215
22455 0914 15141.743999999999 52535.1081
22504 0914 14985.5298 52799.1429
22552 0914 14922.993 52904.679075
22575 0914 14888.359199999999 52963.301999999996
22599 0914 14881.3302 52975.1235
22622 0914 14853.5976 53022.042075
22646 0914 14846.6538 53033.7411
22695 0914 14608.6476 53283.222675
22719 0914 14466.6618 53412.332624999995
22743 0914 14315.4318 53549.834774999996
22767 0914 14310.404999999999 53554.40895
22792 0914 14270.0628 53591.135474999995
22816 0914 14249.8278 53609.559975
22840 0914 14204.5014 53650.860674999996
22864 0914 14024.3886 53820.770775
22888 0914 14132.294399999999 53997.688575
22914 0914 14135.276399999999 54106.797825
22939 0914 14135.8728 54140.856524999996
22963 0914 14140.217999999999 54310.116975
22988 0914 14146.0542 54541.765125
23013 0914 14146.522799999999 54562.2717
23037 0914 14151.3792 54753.029174999996
23063 0914 14202.2436 54951.342825
23115 0914 14273.9394 55267.488075
23140 0914 14273.9394 55267.488075
23166 0914 14273.9394 55267.488075
23192 0914 14277.006599999999 55410.538875
23218 0914 14277.134399999999 55458.2775
23245 0914 14277.2196 55506.02145
23271 0914 14305.8468 55702.40745
23298 0914 14289.871799999999 55927.39935
23324 0914 14185.9704 56123.657549999996
23593 0914 13449.5442 56471.03925
23620 0914 13449.5442 56471.03925
23647 0914 13449.5442 56471.03925
23674 0914 13449.5442 56471.03925
23702 0914 13449.5442 56471.03925
23727 0914 13429.0536 56471.44395
23755 0914 13402.2582 56591.836875
23783 0914 13406.3478 56755.3836
23810 0914 13411.0338 56946.1464
23837 0914 13305.258 57077.6739
23864 0914 13301.1258 57077.6313
23892 0914 13301.1258 57077.6313
23919 0914 13301.1258 57077.6313
23946 0914 13301.1258 57077.6313
23974 0914 13301.1258 57077.6313
24000 0914 13301.1258 57077.6313
24027 0914 13300.6998 57077.64195
24054 0914 13300.6998 57077.64195
24081 0914 13300.6998 57077.64195
24109 0914 13300.6998 57077.64195
24137 0914 13300.6998 57077.64195
24190 0914 13300.6998 57077.64195
24218 0914 13300.6998 57077.64195
24245 0914 13300.6998 57077.64195
24272 0914 13300.6998 57077.64195
24299 0914 13300.6998 57077.64195
24326 0914 13300.6998 57077.64195
24353 0914 13300.6998 57077.64195
24408 0914 13300.6998 57077.64195
24435 0914 13300.6998 57077.64195
24463 0914 13300.6998 57077.64195
24490 0914 13300.6998 57077.64195
24518 0914 13300.6998 57077.64195
24545 0914 13300.6998 57077.64195
24573 0914 13300.6998 57077.64195
24600 0914 13300.6998 57077.64195
24628 0914 13300.6998 57077.64195
24654 0914 13300.6998 57077.64195
24683 0914 13300.6998 57077.64195
24738 0914 13192.1124 57079.5483
24767 0914 13182.57 56810.795549999995
24824 0914 13390.032 56623.036049999995
24852 0914 13397.7426 56431.52775
24880 0914 13387.944599999999 56077.239525
24908 0914 13654.7484 56029.437
24937 0914 13698.2004 55825.292475
24965 0914 13826.5968 55708.6164
24993 0914 13902.297 55804.354575
25022 0914 13726.785 55816.5222
25049 0914 13624.971 56452.7745
25051 0914 13624.971 56452.7745
25078 0914 13849.8564 56447.960699999996
25106 0914 14020.2564 56444.227875
25135 0914 14163.3498 56441.160675
25163 0914 14222.265599999999 56357.6913
25191 0914 14189.9322 56127.68325
25219 0914 14226.8238 55965.691425
25826 0914 14784.031799999999 53123.744249999996
25855 0914 14784.031799999999 53123.744249999996
25885 0914 14859.6894 53011.605075
25913 0914 14859.6894 53011.605075
25942 0914 14918.775599999999 52911.85185
26001 0914 15036.8202 52712.4732
26030 0914 15040.3134 52706.557125
26059 0914 15081.891 52636.245825
26088 0914 15175.6536 52477.875
26117 0914 15192.9918 52448.5662
26147 0914 15286.797 52290.195374999996
26176 0914 15311.036399999999 52249.065075
26206 0914 15394.4046 52108.309349999996
26234 0914 15442.926 52026.17655
26263 0914 15499.4988 52029.174525
26293 0914 15556.9236 52063.121399999996
26322 0914 15662.5716 52125.599624999995
26351 0914 15662.5716 52125.599624999995
26380 0914 15744.6618 52174.23285
26409 0914 15779.0826 52196.32095
26438 0914 15979.2174 52313.039625
26467 0914 16083.3318 52253.580675
26497 0914 16089.2106 52257.073875
26526 0914 16089.2106 52257.073875
26583 0914 16283.0406 52371.188624999995
26613 0914 16283.0406 52371.188624999995
26643 0914 16312.7754 52387.648199999996
26672 0914 16380.8928 52413.68745
26701 0914 16380.8928 52413.68745
26730 0914 16416.3786 52412.87805
26759 0914 16484.5386 52411.3125
26788 0914 16695.7494 52406.48805
26818 0914 16906.9602 52401.179025
26847 0914 17165.882999999998 52394.58135
26877 0914 17302.203 52391.093475
26906 0914 17445.2538 52387.483125
26936 0914 17681.8116 52387.057125
26965 0914 17686.2846 52596.22845
26995 0914 17786.053799999998 52610.483475
27023 0914 18099.5472 52603.5024
27053 0914 18358.4274 52597.95375
27083 0914 18583.3128 52593.060075
27142 0914 18998.7054 52606.94235
27171 0914 19004.2008 52777.29975
27201 0914 19007.0124 53036.856224999996
27232 0914 18932.0364 53039.273775
27261 0914 18977.7036 53194.69455
27291 0914 19018.983 53193.41655
27321 0914 19018.983 53193.41655
27351 0914 19018.983 53193.41655
27382 0914 19018.983 53193.41655
27411 0914 19018.983 53193.41655
27442 0914 19018.983 53193.41655
27472 0914 19018.983 53193.41655
27502 0914 19018.983 53193.41655
27533 0914 19018.983 53193.41655
27563 0914 19018.983 53193.41655
27594 0914 19018.983 53193.41655
27623 0914 19018.983 53193.41655
27654 0914 19018.983 53193.41655
27684 0914 19018.983 53193.41655
27715 0914 19018.983 53193.41655
27746 0914 19018.983 53193.41655
27776 0914 19018.983 53193.41655
27806 0914 19018.983 53193.41655
27836 0914 19018.983 53193.41655
27867 0914 19019.2812 53193.038475
27898 0914 19019.2812 53193.038475
27929 0914 19019.2812 53193.038475
27991 0914 19019.2812 53193.038475
28022 0914 19019.2812 53193.038475
28053 0914 19019.2812 53193.038475
28086 0914 19019.2812 53193.038475
28117 0914 19019.2812 53193.038475
28148 0914 19019.2812 53193.038475
28179 0914 19019.2812 53193.038475
28210 0914 19019.2812 53193.038475
28242 0914 19019.2812 53193.038475
28273 0914 19019.2812 53193.038475
28304 0914 19019.2812 53193.038475
28336 0914 19019.2812 53193.038475
28366 0914 19019.2812 53193.038475
28399 0914 19019.2812 53193.038475
28430 0914 19019.2812 53193.038475
28461 0914 19019.2812 53193.038475
28492 0914 19019.2812 53193.038475
28523 0914 19019.2812 53193.038475
28555 0914 19019.2812 53193.038475
28586 0914 19019.2812 53193.038475
28619 0914 19019.2812 53193.038475
28650 0914 19019.2812 53193.038475
28681 0914 19019.2812 53193.038475
28712 0914 19019.2812 53193.038475
28744 0914 19019.2812 53193.038475
28775 0914 19019.2812 53193.038475
28806 0914 19019.2812 53193.038475
28837 0914 19019.2812 53193.038475
28868 0914 19019.2812 53193.038475
28900 0914 19019.2812 53193.038475
28931 0914 19019.2812 53193.038475
28962 0914 19018.983 53186.579249999995
28994 0914 19012.7208 53023.075124999996
29025 0914 19009.653599999998 52941.3204
29055 0914 19007.608799999998 52886.8989
29087 0914 19002.1986 52716.5415
29118 0914 18856.4214 52583.27805
29150 0914 18638.4372 52591.888575
29181 0914 18188.6238 52601.558775
29213 0914 17882.0316 52608.278925
29244 0914 17873.2986 52478.01345
29275 0914 17682.4506 52382.9409
29307 0914 17450.7918 52387.25415
29339 0914 17300.8824 52391.1201
29369 0914 16946.5356 52400.167275
29401 0914 16708.0182 52406.253749999996
29433 0914 16524.0288 52410.423225
29465 0914 16277.0766 52367.823225
29497 0914 16052.5746 52288.741649999996
29527 0914 16031.7006 52323.9612
29559 0914 15873.8676 52250.3058
29591 0914 15697.886999999999 52146.420375
29622 0914 15510.148799999999 52035.436725
29655 0914 15331.8678 52213.845525
30242 0914 14901.9486 52940.4045
30274 0914 14789.7402 53118.413925
30307 0914 14648.5638 53246.87955
30340 0914 14603.1948 53288.18025
30373 0914 14557.8684 53329.475625
30405 0914 14426.703 53448.67575
30438 0914 14421.6336 53453.25525
30471 0914 14411.58 53462.4036
30505 0914 14245.226999999999 53613.756075
30538 0914 14209.868999999999 53645.908425
30570 0914 14174.5962 53678.060775
30604 0914 14074.4862 53875.857899999995
30638 0914 14592.5448 53297.834474999996
30670 0914 14587.6032 53302.40865
30703 0914 14385.8922 53485.785675
30737 0914 14320.288199999999 53545.388399999996
30772 0914 14088.3738 53756.4714
30804 0914 14029.117199999999 53826.021225
30837 0914 14084.1138 53886.4866
30872 0914 14084.1138 53886.4866
30942 0914 14131.8258 53977.554749999996
30975 0914 14135.7024 54127.432199999996
31010 0914 14142.0072 54384.933225
31043 0914 14148.7806 54650.751899999996
31076 0914 14151.8478 54773.290799999995
31111 0914 14151.8478 54773.290799999995
31145 0914 14195.385 54951.47595
31251 0914 14277.7734 55608.091049999995
31285 0914 14231.807999999999 55962.730725
31319 0914 14220.6042 56297.417625
31352 0914 14100.8982 56442.513224999995
31386 0914 13692.1086 56451.320775
31419 0914 13495.893 56470.12335
31452 0914 13399.0632 56477.25885
31485 0914 13400.0856 56512.675425
31519 0914 13734.027 56450.4954
31521 0914 13747.7016 56450.10135
31553 0914 13972.544399999999 56445.28755
31587 0914 14223.7992 56419.0779
31619 0914 14223.7992 56419.0779
31651 0914 14223.7992 56419.0779
31685 0914 14223.7992 56419.0779
31719 0914 14223.7992 56419.0779
31752 0914 14223.7992 56419.0779
31786 0914 14223.7992 56419.0779
31820 0914 14223.7992 56419.0779
31854 0914 14223.7992 56419.0779
31887 0914 14223.7992 56419.0779
31921 0914 14223.7992 56419.0779
31987 0914 14223.7992 56419.0779
32020 0914 14223.7992 56419.0779
32055 0914 14223.7992 56419.0779
32088 0914 14223.7992 56419.0779
32122 0914 14223.7992 56419.0779
32155 0914 14223.7992 56419.0779
32189 0914 14223.7992 56419.0779
32222 0914 14223.7992 56419.0779
32255 0914 14223.7992 56419.0779
32290 0914 14223.7992 56419.0779
32322 0914 14223.7992 56419.0779
32355 0914 14223.7992 56419.0779
32389 0914 14223.7992 56419.0779
32422 0914 14221.2006 56316.800624999996
32455 0914 14169.484199999999 56058.080174999996
32522 0914 14290.8516 55926.63255
32556 0914 14308.275 55789.7694
32590 0914 14277.9012 55613.810099999995
32624 0914 14275.5582 55327.633949999996
32659 0914 14270.4462 55123.201875
32693 0914 14214.6828 54950.970075
32726 0914 14150.868 54731.40435
32759 0914 14147.332199999999 54595.079025
32792 0914 14142.2202 54390.64695
32831 0914 14137.1934 54186.33735
32859 0914 14131.5702 53968.236
32893 0914 14095.232399999999 53750.246475
32928 0914 14206.1628 53649.337725
32962 0914 14422.9542 53452.110375
32997 0914 14428.0236 53447.530875
33029 0914 14428.0236 53447.530875
33064 0914 14428.0236 53447.530875
33097 0914 14428.0236 53447.530875
33132 0914 14428.0236 53447.530875
33166 0914 14428.0236 53447.530875
33200 0914 14428.0236 53447.530875
33233 0914 14428.0236 53447.530875
33267 0914 14428.0236 53447.530875
33302 0914 14498.611799999999 53383.2315
33335 0914 14543.9808 53342.0586
33368 0914 14670.0342 53227.310175
33402 0914 14913.2376 52921.282425
33440 0914 15048.6204 52692.472499999996
33469 0914 15225.666 52393.345949999995
34147 0914 15409.6554 52082.5257
34181 0914 15459.5826 52005.584774999996
34215 0914 15641.4846 52113.075225
34249 0914 15694.223399999999 52144.3809
34283 0914 15764.5134 52186.283325
34317 0914 15899.811 52265.3436
34352 0914 15946.3728 52293.66195
34489 0914 15475.940999999999 52015.33485
34524 0914 15475.940999999999 52015.33485
34559 0914 15610.9404 52095.018149999996
34593 0914 15610.9404 52095.018149999996
34628 0914 15657.8856 52122.830625
34662 0914 15734.1396 52167.970649999996
34696 0914 15939.3012 52289.44455
34733 0914 16053.2988 52287.607425
34767 0914 16060.199999999999 52275.9084
34802 0914 16248.705 52351.464824999995
34837 0914 16320.017399999999 52391.61
34871 0914 16320.017399999999 52391.61
34905 0914 16382.341199999999 52413.6555
34940 0914 16661.712 52407.270825
34976 0914 16661.712 52407.270825
35011 0914 16893.3282 52401.562425
35046 0914 17261.307 52392.13185
35081 0914 17349.8724 52389.932625
35117 0914 16854.9456 52402.425075
35118 0914 16854.9456 52402.425075
35152 0914 16630.0176 52408.005675
35188 0914 16377.868199999999 52413.746025
35224 0914 16058.027399999999 52279.561349999996
35259 0914 16005.927599999999 52328.93475
35294 0914 15794.1204 52205.101875
35330 0914 15478.071 52016.5383
35366 0914 15250.4592 52351.331699999995
35403 0914 15174.119999999999 52480.388399999996
35439 0914 15149.8806 52521.524025
35476 0914 15118.6122 52574.230875
35548 0914 15059.6112 52673.978774999996
35584 0914 15059.6112 52673.978774999996
35621 0914 15059.6112 52673.978774999996
35657 0914 15059.6112 52673.978774999996
35694 0914 15059.6112 52673.978774999996
35731 0914 15059.6112 52673.978774999996
35767 0914 15059.6112 52673.978774999996
35803 0914 15059.6112 52673.978774999996
35839 0914 15059.6112 52673.978774999996
35875 0914 15059.6112 52673.978774999996
35912 0914 15059.6112 52673.978774999996
35949 0914 15059.6112 52673.978774999996
35985 0914 15059.6112 52673.978774999996
36023 0914 15059.6112 52673.978774999996
36060 0914 15059.6112 52673.978774999996
36097 0914 15059.6112 52673.978774999996
36135 0914 15059.6112 52673.978774999996
36173 0914 15059.6112 52673.978774999996
36210 0914 15059.6112 52673.978774999996
36249 0914 15059.6112 52673.978774999996
36287 0914 15059.6112 52673.978774999996
36324 0914 15059.6112 52673.978774999996
36362 0914 15059.6112 52673.978774999996
36401 0914 15059.6112 52673.978774999996
36440 0914 15059.6112 52673.978774999996
36483 0914 15059.6112 52673.978774999996
36517 0914 15059.6112 52673.978774999996
36556 0914 15059.6112 52673.978774999996
36595 0914 15059.6112 52673.978774999996
36634 0914 15059.6112 52673.978774999996
36673 0914 15059.6112 52673.978774999996
36713 0914 15059.6112 52673.978774999996
36752 0914 15059.6112 52673.978774999996
36792 0914 15059.6112 52673.978774999996
36830 0914 15059.6112 52673.978774999996
36869 0914 15059.6112 52673.978774999996
36908 0914 15059.6112 52673.978774999996
36948 0914 15059.6112 52673.978774999996
36987 0914 15059.6112 52673.978774999996
37025 0914 15059.6112 52673.978774999996
37065 0914 15059.6112 52673.978774999996
37105 0914 15059.6112 52673.978774999996
37144 0914 15059.6112 52673.978774999996
37182 0914 15059.6112 52673.978774999996
37222 0914 15059.6112 52673.978774999996
37260 0914 15042.1878 52703.2929
37300 0914 14826.9726 53067.0756
37340 0914 14579.977799999999 53309.272574999995
37380 0914 14342.993999999999 53524.796624999995
37420 0914 14161.560599999999 53689.87695
37462 0914 14104.8174 53909.20305
37502 0914 14131.6554 53974.077525
38354 0914 15436.749 52036.74135
38488 0914 15505.3776 52032.545249999996
38533 0914 15687.237 52140.1635
38579 0914 15898.618199999999 52264.619399999996
38626 0914 15904.497 52267.990125
38671 0914 16070.636999999999 52258.30395
38717 0914 16084.524599999999 52254.304875
38764 0914 16395.9306 52413.394575
42533 0914 15367.5666 52153.720949999995
42534 0914 15367.5666 52153.720949999995
42583 0914 15266.8602 52323.785475
42635 0914 15162.6606 52499.76075
42686 0914 15013.3476 52751.968725
42788 0914 14912.683799999999 52922.166375
42840 0914 14819.0064 53080.5372
42892 0914 14795.278199999999 53113.45635
42944 0914 14714.5512 53186.776275
42997 0914 14689.4598 53209.77495
43048 0914 14260.8186 53599.52235
43049 0914 14255.791799999999 53604.096525
43101 0914 14092.4634 53895.523125
46757 0914 15522.9714 52043.019524999996
46758 0914 15522.9714 52043.019524999996
46811 0914 15833.7384 52226.960999999996
46865 0914 15921.8778 52278.842475
46918 0914 16084.524599999999 52254.304875
46970 0914 16172.451 52306.31415
47023 0914 16450.416 52412.095275
50463 0914 14527.026 53357.4372
50464 0914 14527.026 53357.4372
50521 0914 14527.026 53357.4372
50577 0914 14496.8226 53384.887575
50635 0914 14390.919 53481.2115
50693 0914 14219.5392 53637.13815
50749 0914 14037.978 53802.3516
50808 0914 14132.0814 53991.106875
50865 0914 14135.106 54093.3735
50922 0914 14138.4714 54229.581675
54349 0914 15433.255799999999 52042.6521
54405 0914 15517.0926 52039.526325
54462 0914 15693.0306 52143.6567
54519 0914 15874.975199999999 52250.907525
54577 0914 15986.2464 52317.257025
54635 0914 16049.8056 52293.518175
54696 0914 16084.524599999999 52254.304875
54754 0914 16084.524599999999 52254.304875
54813 0914 16084.524599999999 52254.304875
54871 0914 16084.524599999999 52254.304875
54932 0914 16090.4034 52257.79275
54989 0914 16266.384 52361.939099999996
58347 0914 14658.148799999999 53238.1146
58405 0914 14466.491399999999 53412.460425
58463 0914 14355.561 53513.36385
58522 0914 14244.6306 53614.267275
58581 0914 14179.1544 53673.864675
58640 0914 14108.5236 53738.0469
58699 0914 14038.2336 53836.03755
58757 0914 14133.1464 54018.4401
58816 0914 14134.5096 54059.192324999996
58872 0914 14140.217999999999 54311.3577
62028 0914 17358.690599999998 52389.63975
62029 0914 17358.690599999998 52389.63975
62087 0914 17685.8586 52577.8359
62088 0914 17685.986399999998 52584.667875
62146 0914 17917.56 52607.47485
62205 0914 18060.6108 52604.370375