30989 0918 16397.805 51759.7242
30992 0918 16282.6572 51575.2662
31023 0918 16089.168 51666.6645
31057 0918 15893.335799999999 52123.309875
31089 0918 15844.431 51894.856725
31123 0918 15703.1268 52145.589674999996
31158 0918 15634.9242 52334.355599999995
31229 0918 15261.918599999999 53068.880775
31230 0918 15267.1584 53232.975975
32839 0918 17135.5092 51825.40275
32840 0918 17331.4692 51533.331825
32873 0918 17558.3568 51563.663025
32906 0918 17756.745 51671.6274
32940 0918 18071.9424 51662.303325
32974 0918 17894.0022 51767.589224999996
33008 0918 18170.1354 51587.582924999995
33042 0918 18280.1286 51876.783675
33076 0918 18139.761599999998 51695.265074999996
33111 0918 18086.2134 51711.34125
33144 0918 18350.248199999998 51793.575225
33179 0918 18413.211 51783.542925
33213 0918 18686.4474 51591.597975
33246 0918 18530.6166 51785.704874999996
33280 0918 18778.292999999998 51759.28755
33313 0918 18983.4546 51548.508075
36568 0918 15378.046199999999 52177.923075
36569 0918 15496.9854 52370.475075
36607 0918 15474.1944 52323.103875
36646 0918 15432.276 52363.893375
36685 0918 15254.0376 52435.929975
36724 0918 15503.716199999999 52633.258499999996
36764 0918 15326.627999999999 52827.73815
36804 0918 15146.5152 53046.206925
36842 0918 15059.1852 52894.0983
36882 0918 15286.4136 53104.201499999996
36921 0918 15181.9584 53354.614949999996
36960 0918 15455.407799999999 53247.77415
36998 0918 15961.1976 53360.21685
37037 0918 15816.6984 53598.3828
39931 0918 17015.1642 51601.087125
39981 0918 17278.0062 51747.977249999996
40032 0918 17339.6484 51848.092574999995
40081 0918 17319.8394 51587.11965
40136 0918 17612.6292 51883.06185
40137 0918 17724.369 51834.130424999996
40182 0918 17809.143 51729.9042
40234 0918 18096.139199999998 51525.418874999996
40283 0918 18173.2026 51615.46995
40334 0918 18399.365999999998 51678.896025
40384 0918 18248.4342 51721.84215
40433 0918 18290.1822 51523.746825
40485 0918 18454.6182 51533.938875
40536 0918 18955.5516 51845.994525
40586 0918 19081.179 51494.1345
43902 0918 15332.251199999999 52415.0187
43903 0918 15695.544 52341.39525
43958 0918 15520.8414 52518.403575
44007 0918 15180.4674 52557.031125
44060 0918 15155.418599999999 52841.146499999995
44114 0918 15101.7426 52930.5639
44166 0918 15388.0572 53241.53325
44218 0918 15586.3602 53206.468125
44271 0918 16038.4314 53463.60705
47508 0918 17148.843 51713.21565
47509 0918 17379.2238 51589.4946
47561 0918 17249.9754 51885.452775
47614 0918 17713.1226 51594.473475
47667 0918 17879.006999999998 51809.651399999995
47720 0918 18215.121 51689.8176
47773 0918 18230.031 51785.97645
47825 0918 18336.318 51753.531225
47877 0918 18453.0846 51577.593225
47932 0918 18598.1802 51580.032074999996
47987 0918 18718.014 51614.2026
48041 0918 18984.4344 51832.634099999996
48093 0918 18838.3164 51531.936675
51279 0918 15639.099 52623.923774999996
51280 0918 15480.9678 52414.672575
51337 0918 15555.9438 52505.112375
51395 0918 15248.457 52730.3865
51453 0918 15084.5748 52952.023649999996
51512 0918 15103.7448 53187.649574999996
51571 0918 15373.913999999999 53295.890849999996
51628 0918 15533.791799999999 53219.881799999996
51685 0918 15861.258 53303.36715
51742 0918 15846.4758 53556.7839
54358 0918 16965.45 51905.98065
54359 0918 16997.4852 51580.857449999996
54415 0918 17147.0964 51761.529375
54471 0918 17421.4404 51643.953375
54529 0918 17742.8148 51668.160825
54586 0918 17968.68 51575.101125
54645 0918 18130.9008 51535.63755
54705 0918 18424.5852 51892.439175
54763 0918 18300.4914 51655.439399999996
54822 0918 18290.1822 51731.975625
54881 0918 18664.2102 51587.63085
54941 0918 18844.3656 51738.749025
58239 0918 15506.9112 52548.266175
58297 0918 15484.4184 52428.432375
58357 0918 15385.501199999999 52839.1017
58415 0918 15365.607 53078.5776
58473 0918 14998.2672 53062.773
58533 0918 15590.961 53070.968175
58590 0918 15582.8244 53445.6831
58649 0918 15921.2388 53623.5168
61510 0918 17244.5226 51568.167975
61511 0918 17059.2126 51737.412449999996
61568 0918 17386.6362 51899.968725
61685 0918 18192.5856 51760.09695
61744 0918 18002.4192 51815.77515
61803 0918 18384.668999999998 51793.490025
61920 0918 18337.9794 51601.593
61979 0918 18403.5834 51714.8025
62038 0918 18677.2032 51568.455525
62096 0918 18652.4952 51740.186775
62155 0918 19064.1816 51621.00795