30989 0918 16075.749 51546.3834
30992 0918 16068.9756 51546.638999999996
31023 0918 15735.076799999999 51553.8597
31057 0918 15632.6238 51799.549875
31089 0918 15607.234199999999 51831.127125
31123 0918 15513.642 51909.415275
31158 0918 15328.545 52219.506
31229 0918 15042.7842 52944.488775
31230 0918 15054.4992 52951.475175
32839 0918 17070.4164 51531.292349999996
32840 0918 17077.2324 51531.287025
32873 0918 17390.6832 51527.879025
32906 0918 17561.125799999998 51526.1058
32940 0918 17697.4032 51524.620125
32974 0918 17860.9446 51523.235625
33008 0918 17895.1098 51522.830925
33042 0918 17983.6326 51522.010875
33076 0918 18010.9392 51521.116275
33111 0918 18051.7926 51519.47085
33144 0918 18106.235399999998 51517.186425
33179 0918 18303.8142 51509.198925
33213 0918 18351.441 51507.420375
33246 0918 18419.5158 51504.885675
33280 0918 18548.9346 51499.93875
33313 0918 18716.949 51360.727275
36568 0918 15370.8894 52147.932675
36569 0918 15370.8894 52147.932675
36607 0918 15353.5512 52177.241474999995
36646 0918 15259.8312 52335.606974999995
36685 0918 15225.069599999999 52394.352375
36724 0918 15159.1674 52505.7993
36764 0918 15110.5608 52587.81495
36804 0918 15048.024 52693.478924999996
36842 0918 14968.1916 52828.323899999996
36882 0918 15018.204 52930.0527
36921 0918 15152.990399999999 53009.72535
36960 0918 15352.4862 53127.812549999995
36998 0918 15674.9256 53318.98005
37037 0918 15727.7496 53350.280399999996
39931 0918 16927.2378 51532.927125
39981 0918 17043.195 51531.56925
40032 0918 17090.8644 51531.148575
40081 0918 17165.7978 51530.20605
40136 0918 17418.0324 51527.607449999996
40137 0918 17458.8858 51527.069625
40182 0918 17765.5206 51524.061
40234 0918 17840.5392 51523.374075
40283 0918 17997.3498 51521.74995
40334 0918 18092.646 51517.697625
40384 0918 18119.9526 51516.68055
40433 0918 18249.2862 51511.478025
40485 0918 18426.3318 51504.630075
40536 0918 18596.6892 51498.037725
40586 0918 18727.0878 51400.0737
43902 0918 15329.184 52218.3771
43903 0918 15325.776 52224.16005
43958 0918 15242.407799999999 52365.043574999996
44007 0918 15169.5618 52488.189525
44060 0918 15124.4058 52564.4169
44114 0918 14985.5298 52799.0151
44166 0918 15059.1852 52954.23885
44218 0918 15282.0258 53086.165725
44271 0918 15692.5194 53329.33185
47508 0918 17043.195 51531.56925
47509 0918 17050.011 51531.5586
47561 0918 17158.9818 51530.339175
47614 0918 17574.7578 51525.972675
47667 0918 17765.5206 51524.061
47720 0918 17901.9258 51522.8256
47773 0918 18051.7926 51519.47085
47825 0918 18092.646 51517.697625
47877 0918 18249.2862 51511.478025
47932 0918 18433.233 51504.374475
47987 0918 18583.0572 51498.6714
48041 0918 18644.316 51496.2645
48093 0918 18703.700399999998 51322.685475
51279 0918 15277.169399999999 52306.298174999996
51280 0918 15277.169399999999 52306.298174999996
51337 0918 15242.407799999999 52365.043574999996
51395 0918 15124.4058 52564.4169
51453 0918 15051.5172 52687.56285
51512 0918 14964.6984 52834.239975
51571 0918 15070.942799999999 52961.225249999996
51628 0918 15299.662199999999 53096.5122
51685 0918 15575.326799999999 53259.74475
51742 0918 15604.5078 53277.3279
54358 0918 16865.9364 51533.48625
54359 0918 16865.9364 51533.48625
54415 0918 17090.8644 51531.148575
54471 0918 17213.5524 51529.785375
54529 0918 17527.0884 51526.388025
54586 0918 17820.0912 51523.640325
54645 0918 17922.3312 51522.68715
54705 0918 18072.198 51518.581575
54763 0918 18160.7634 51515.0298
54822 0918 18249.2862 51511.478025
54881 0918 18494.4918 51502.09005
54941 0918 18657.948 51495.758625
58239 0918 15259.8312 52335.606974999995
58297 0918 15225.069599999999 52394.352375
58357 0918 15107.0676 52593.725699999995
58415 0918 15027.1926 52728.576
58473 0918 14947.8288 52888.2834
58533 0918 15235.165799999999 53058.358575
58590 0918 15411.0612 53162.478299999995
58649 0918 15721.870799999999 53346.7872
61510 0918 17036.2938 51531.702375
61511 0918 17043.195 51531.56925
61568 0918 17233.9578 51529.519125
61685 0918 17854.1712 51523.24095
61744 0918 17922.3312 51522.68715
61803 0918 18099.4194 51517.442025
61920 0918 18160.7634 51515.0298
61979 0918 18365.073 51506.9145
62038 0918 18460.4544 51503.362725
62096 0918 18637.5 51496.514774999996
62155 0918 18725.0856 51427.092749999996