37 0901 17116.68 55647.51735
67 0901 17116.68 55647.51735
98 0901 17116.68 55647.51735
129 0901 17116.68 55647.51735
158 0901 17116.68 55647.51735
188 0901 17116.68 55647.51735
220 0901 17116.68 55647.51735
250 0901 17116.68 55647.51735
281 0901 17116.68 55647.51735
311 0901 17116.68 55647.51735
342 0901 17116.68 55647.51735
371 0901 17116.68 55647.51735
402 0901 17116.68 55647.51735
432 0901 17116.68 55647.51735
462 0901 17116.68 55647.51735
493 0901 17116.765199999998 55647.0168
522 0901 17116.765199999998 55647.0168
552 0901 17116.765199999998 55647.0168
583 0901 17116.765199999998 55647.0168
613 0901 17115.7002 55613.3415
643 0901 17105.4336 55245.384
674 0901 17097.51 54966.029174999996
704 0901 17087.925 54632.247525
706 0901 17087.286 54611.746275
735 0901 17078.34 54325.697925
765 0901 17069.9052 54162.2364
795 0901 17061.939 53889.718875
825 0901 17055.0378 53603.63325
855 0901 17011.9266 53529.738225
885 0901 16937.035799999998 53530.80855
916 0901 16712.0652 53532.901275
946 0901 16568.9292 53534.04615
976 0901 16473.5052 53534.892824999995
1005 0901 16432.5666 53535.1857
1036 0901 16344.341999999999 53536.021725
1065 0901 16071.787199999999 53540.430824999996
1095 0901 15935.4246 53541.825975
1124 0901 15725.4492 53516.809125
1152 0901 15707.5998 53506.840725
1181 0901 15583.8468 53435.017125
1208 0901 15543.2064 53409.947025
1237 0901 15543.2064 53409.947025
1265 0901 15543.2064 53409.947025
1292 0901 15473.0868 53367.9168
1321 0901 15297.1062 53263.797075
1348 0901 15167.9856 53187.4845
1376 0901 15167.9856 53187.4845
1404 0901 15132.797999999999 53166.66375
1432 0901 15109.3254 53152.81875
1460 0901 15074.1804 53131.998
1486 0901 15056.5866 53121.523725
1515 0901 14986.2114 53079.754425
1542 0901 14986.2114 53079.754425
1570 0901 14986.2114 53079.754425
1598 0901 14892.4062 53024.267925
1624 0901 14798.4732 52968.664274999996
1651 0901 14798.4732 52968.664274999996
1680 0901 14775.085799999999 52954.8246
1708 0901 14711.057999999999 52831.865025
1735 0901 14742.2838 52779.158175
1763 0901 14756.1288 52755.632325
1790 0901 14780.496 52714.6245