316 0900 15031.2822 52937.75265
344 0900 15048.6204 52947.981974999995
374 0900 15083.7654 52968.80805
402 0900 15165.9408 53017.430625
431 0900 15165.9408 53017.430625
459 0900 15201.171 53038.2567
488 0900 15353.679 53128.531425
516 0900 15365.308799999999 53135.39535
545 0900 15365.308799999999 53135.39535
573 0900 15377.1516 53142.376425
602 0900 15564.761999999999 53253.48255
630 0900 15658.524599999999 53309.229975
658 0900 15836.5926 53403.8712
687 0900 15870.715199999999 53451.9453
716 0900 15918.2994 53542.16145
744 0900 15965.9262 53541.485175
773 0900 16068.2514 53540.37225
802 0900 16197.6702 53538.487199999996
831 0900 16463.536799999998 53534.96205
860 0900 16518.0648 53534.530725
888 0900 16606.6728 53533.689375
918 0900 16797.4782 53532.123824999995
947 0900 16906.4916 53531.144025
976 0900 17036.0382 53529.397424999996
1005 0900 17056.3158 53661.798225
1034 0900 17059.382999999998 53791.174425
1062 0900 17067.264 54070.52925
1091 0900 17070.160799999998 54172.8012
1119 0900 17078.0844 54322.470975
1148 0900 17083.0686 54472.3218
1178 0900 17088.8622 54663.068625
1207 0900 17092.824 54799.388625
1237 0900 17093.9316 54840.26865
1265 0900 17099.1288 55024.188825
1295 0900 17099.5974 55037.8581
1324 0900 17100.3642 55065.068849999996
1354 0900 17105.1354 55235.442225
1383 0900 17111.3976 55460.242425
1412 0900 17116.1688 55630.6158
1441 0900 17170.6542 55853.74395
1470 0900 17115.7002 55863.3822
1498 0900 17118.4692 55713.999975
1528 0900 17116.68 55647.51735
1556 0900 17116.68 55647.51735
1585 0900 17116.68 55647.51735
1613 0900 17116.68 55647.51735
1643 0900 17116.68 55647.51735
1672 0900 17116.68 55647.51735
1701 0900 17116.68 55647.51735
1728 0900 17116.68 55647.51735
1758 0900 17116.68 55647.51735
1786 0900 17116.68 55647.51735
1815 0900 17116.68 55647.51735
1844 0900 17116.68 55647.51735
1872 0900 17116.68 55647.51735
1901 0900 17116.68 55647.51735
1928 0900 17116.68 55647.51735
1956 0900 17116.68 55647.51735
1984 0900 17116.68 55647.51735
2011 0900 17116.68 55647.51735
2039 0900 17116.68 55647.51735
2067 0900 17116.68 55647.51735
2095 0900 17116.68 55647.51735
2165 0900 17116.68 55647.51735
2192 0900 17116.68 55647.51735
2221 0900 17116.68 55647.51735
2248 0900 17116.68 55647.51735
2276 0900 17116.68 55647.51735
2303 0900 17116.68 55647.51735
2331 0900 17116.68 55647.51735
2359 0900 17116.68 55647.51735
2387 0900 17116.68 55647.51735
2413 0900 17116.765199999998 55647.0168
2441 0900 17116.765199999998 55647.0168
2468 0900 17116.765199999998 55647.0168
2496 0900 17116.765199999998 55647.0168
2523 0900 17116.765199999998 55647.0168
2550 0900 17116.765199999998 55647.0168
2577 0900 17115.4872 55606.509525
2609 0900 17111.6532 55470.184199999996
2632 0900 17105.4336 55245.384
2659 0900 17098.1064 54986.535749999995
2686 0900 17092.8666 54802.4931
2713 0900 17085.1986 54543.650174999995
2740 0900 17082.7704 54461.8848
2767 0900 17082.7704 54461.8848
2794 0900 17074.5486 54243.959174999996
2821 0900 17067.2214 54066.924224999995
2848 0900 17066.5824 54046.417649999996
2874 0900 17062.9614 53923.894725
2901 0900 17056.4862 53671.74
2927 0900 16971.0732 53530.27605
2954 0900 16909.6866 53531.08545
2981 0900 16759.7346 53532.480599999995
3034 0900 16643.9052 53533.47105
3060 0900 16493.9532 53534.74905
3087 0900 16432.5666 53535.1857
3114 0900 16303.147799999999 53536.447725
3140 0900 16255.3932 53536.9962
3167 0900 16207.681199999999 53538.1677
3193 0900 16037.3238 53540.7237
3219 0900 15819.3396 53545.947524999996
3245 0900 15737.079 53523.300299999995
3271 0900 15589.47 53438.0151
3297 0900 15537.1572 53406.208875
3323 0900 15537.1572 53406.208875
3349 0900 15373.062 53308.692149999995
3375 0900 15285.0504 53256.693524999995
3401 0900 15161.8512 53183.874149999996
3800 0900 15083.7654 52968.80805
3823 0900 15142.4682 53003.468475
3848 0900 15165.9408 53017.430625
3872 0900 15201.171 53038.2567
3896 0900 15201.171 53038.2567
3944 0900 15201.171 53038.2567
3973 0900 15236.2734 53059.082774999995
3997 0900 15306.7338 53100.7296
4021 0900 15312.57 53104.217475
4045 0900 15312.57 53104.217475
4069 0900 15330.2064 53114.569275
4092 0900 15330.2064 53114.569275
4116 0900 15330.2064 53114.569275
4139 0900 15441.6054 53180.535375
4162 0900 15506.187 53218.8168
4186 0900 15593.943 53271.071025
4214 0900 15758.2086 53368.337475
4233 0900 15816.4002 53403.887174999996
4257 0900 15872.3766 53506.499925
4280 0900 15904.6674 53542.550175
4303 0900 15972.742199999999 53541.479849999996
4326 0900 15972.742199999999 53541.479849999996
4351 0900 15972.742199999999 53541.479849999996
4374 0900 16047.7182 53540.643825
4398 0900 16122.6942 53539.813125
4421 0900 16252.198199999999 53537.060099999995
4445 0900 16374.9288 53535.8034
4468 0900 16408.9662 53535.393375
4492 0900 16572.6354 53534.0994
4539 0900 16702.0968 53532.970499999996
4563 0900 16722.5022 53532.698925
4586 0900 16722.5022 53532.698925
4610 0900 16756.5396 53532.4167
4633 0900 16756.5396 53532.4167
4657 0900 16763.3556 53532.411374999996
4680 0900 16865.6382 53531.431575
4704 0900 16933.840799999998 53530.867125
4727 0900 16981.4676 53530.201499999996
4752 0900 17054.6118 53586.7317
4775 0900 17055.3786 53620.912875
4797 0900 17057.04 53695.8516
4822 0900 17059.7238 53804.8437
4844 0900 17062.791 53920.662449999996
4868 0900 17064.4524 53975.217075
4891 0900 17066.2842 54036.475875