[60]
[120]
[180]
[240]
[300]
[360]
[420]
[480]
[540]
[600]
[660]
[720]
[780]
[840]
[900]
[960]
[1020]
[1080]
[1140]
[1200]
[1260]
[1320]
[1380]
[1440]
[1500]
[1560]
[1620]
[1680]
[1740]
[1800]
[1860]
[1920]
[1980]
[2040]
[2100]
[2160]
[2220]
[2280]
[2340]
[2400]
[2460]
[2520]
[2580]
[2640]
[2700]
[2760]
[2820]
[2880]
[2940]
[3000]
[3060]
[3120]
[3180]
[3240]
[3300]
[3360]
[3420]
[3480]
[3540]
[3600]
[3660]
[3720]
[3780]
[3840]
[3900]
[3960]
[4020]
[4080]
[4140]
[4200]
[4260]
[4320]
[4380]
[4440]
[4500]
[4560]
[4620]
[4680]
[4740]
[4800]
[4860]
[4920]
[4980]
[5040]
[5100]
[5160]
[5220]
[5280]
[5340]
[5400]
[5460]
[5520]
[5580]
[5640]
[5700]
[5760]
[5820]
[5880]
[5940]
[6000]
[6060]
[6120]
[6180]
[6240]
[6300]
[6360]
[6420]
[6480]
[6540]
[6600]
[6660]
[6720]
[6780]
[6840]
[6900]
[6960]
[7020]
[7080]
[7140]
[7200]
[7260]
[7320]
[7380]
[7440]
[7500]
[7560]
[7620]
[7680]
[7740]
[7800]
[7860]
[7920]
[7980]
[8040]
[8100]
[8160]
[8220]
[8280]
[8340]
[8400]
[8460]
[8520]
[8580]
[8640]
[8700]
[8760]
[8820]
[8880]
[8940]
[9000]
[9060]
[9120]
[9180]
[9240]
[9300]
[9360]
[9420]
[9480]
[9540]
[9600]
[9660]
[9720]
[9780]
[9840]
[9900]
[9960]
[10020]
[10080]
[10140]
[10200]
[10260]
[10320]
[10380]
[10440]
[10500]
[10560]
[10620]
[10680]
[10740]
[10800]
[10860]
[10920]
[10980]
[11040]
[11100]
[11160]
[11220]
[11280]
[11340]
[11400]
[11460]
[11520]
[11580]
[11640]
