# Scenario TRACE1_Time_68400.0
# distance at msg send, delivery time, hop count, MSG_ID
24551.8343 -1.0000 -1 M80
32903.2748 -1.0000 -1 M82
6518.2851 -1.0000 -1 M81
7435.6971 -1.0000 -1 M84
30233.6375 -1.0000 -1 M83
17452.8768 -1.0000 -1 M86
2108.1951 -1.0000 -1 M85
21704.8985 -1.0000 -1 M88
9702.1738 -1.0000 -1 M87
4022.3553 -1.0000 -1 M89
29502.2303 -1.0000 -1 M91
6190.4601 -1.0000 -1 M90
11764.7136 -1.0000 -1 M93
11491.0845 -1.0000 -1 M92
27869.2716 -1.0000 -1 M95
17843.7706 -1.0000 -1 M94
4524.1034 -1.0000 -1 M97
17266.2350 -1.0000 -1 M96
13592.1839 -1.0000 -1 M99
14778.9216 -1.0000 -1 M98
19586.9423 -1.0000 -1 M213
20533.7392 -1.0000 -1 M212
23417.3902 -1.0000 -1 M211
2181.0521 -1.0000 -1 M210
16812.9417 -1.0000 -1 M217
3893.7574 -1.0000 -1 M216
9962.7664 -1.0000 -1 M215
15381.6808 -1.0000 -1 M214
10159.1228 -1.0000 -1 M219
3358.4764 -1.0000 -1 M218
19416.4297 -1.0000 -1 M202
33598.5957 -1.0000 -1 M201
710.5126 -1.0000 -1 M200
10674.2950 -1.0000 -1 M206
13937.2937 -1.0000 -1 M205
17052.5769 -1.0000 -1 M204
20692.7964 -1.0000 -1 M203
6155.2408 -1.0000 -1 M209
18973.4073 -1.0000 -1 M208
11965.3363 -1.0000 -1 M207
24791.5096 -1.0000 -1 M110
1551.0233 -1.0000 -1 M231
1459.5238 -1.0000 -1 M230
17638.3114 -1.0000 -1 M114
1544.4946 -1.0000 -1 M235
15122.5771 -1.0000 -1 M113
42858.9932 -1.0000 -1 M234
22370.7752 -1.0000 -1 M112
25915.8275 -1.0000 -1 M233
33862.5836 -1.0000 -1 M111
32941.3972 -1.0000 -1 M232
843.2646 -1.0000 -1 M118
6257.4625 -1.0000 -1 M239
9925.7757 -1.0000 -1 M117
11614.0640 -1.0000 -1 M238
32021.4637 -1.0000 -1 M116
14865.0607 -1.0000 -1 M237
1654.4039 -1.0000 -1 M115
40299.9652 -1.0000 -1 M236
798.1596 -1.0000 -1 M119
53965.2524 -1.0000 -1 M220
1279.6437 -1.0000 -1 M103
24984.6685 -1.0000 -1 M224
1138.4999 -1.0000 -1 M102
48410.1690 -1.0000 -1 M223
2271.8981 -1.0000 -1 M101
17735.1872 -1.0000 -1 M222
32346.6457 -1.0000 -1 M100
11464.5498 -1.0000 -1 M221
21723.3236 -1.0000 -1 M107
1804.7197 -1.0000 -1 M228
25885.8487 -1.0000 -1 M106
22455.5819 -1.0000 -1 M227
36742.1877 -1.0000 -1 M105
25041.4155 -1.0000 -1 M226
1578.3493 -1.0000 -1 M104
4061.4536 -1.0000 -1 M225
30116.0610 -1.0000 -1 M109
15912.1186 -1.0000 -1 M108
25389.2125 -1.0000 -1 M229
1670.3558 -1.0000 -1 M132
13639.0053 -1.0000 -1 M253
35014.2151 -1.0000 -1 M131
42506.1292 -1.0000 -1 M252
405.5676 -1.0000 -1 M130
27043.2457 -1.0000 -1 M251
4988.6610 -1.0000 -1 M250
5532.4876 -1.0000 -1 M136
16142.0824 -1.0000 -1 M257
5522.9129 -1.0000 -1 M135
12880.7566 -1.0000 -1 M256
1603.0643 -1.0000 -1 M134
30574.5423 -1.0000 -1 M255
18432.1781 -1.0000 -1 M133
17889.1463 -1.0000 -1 M254
11506.8791 -1.0000 -1 M139
29284.7850 -1.0000 -1 M138
11363.9018 -1.0000 -1 M259
3359.1666 -1.0000 -1 M137
34392.8478 -1.0000 -1 M258
2177.1628 -1.0000 -1 M260
2873.6895 -1.0000 -1 M121
23612.9884 -1.0000 -1 M242
11552.2132 -1.0000 -1 M120
11239.7197 -1.0000 -1 M241
2549.7293 -1.0000 -1 M240
16041.2067 -1.0000 -1 M125
15117.8119 -1.0000 -1 M246
16077.6442 -1.0000 -1 M124
9471.5278 -1.0000 -1 M245
19810.7807 -1.0000 -1 M123
30811.2589 -1.0000 -1 M244
140.6280 -1.0000 -1 M122
1184.3712 -1.0000 -1 M243
1756.4727 -1.0000 -1 M129
468.7644 -1.0000 -1 M128
7350.7660 -1.0000 -1 M249
12532.6430 -1.0000 -1 M127
26124.6549 -1.0000 -1 M248
1296.6152 -1.0000 -1 M126
4759.3517 -1.0000 -1 M247
10727.2533 -1.0000 -1 M154
29669.2668 -1.0000 -1 M275
33476.6475 -1.0000 -1 M153
17602.1463 -1.0000 -1 M274
13515.8375 -1.0000 -1 M152
8579.5496 -1.0000 -1 M273
14289.3030 -1.0000 -1 M151
9086.3839 -1.0000 -1 M272
14981.1437 -1.0000 -1 M158
8590.1552 -1.0000 -1 M157
12053.8311 -1.0000 -1 M278
7302.5423 -1.0000 -1 M156
9843.4589 -1.0000 -1 M277
7750.4503 -1.0000 -1 M155
26956.3398 -1.0000 -1 M276
10062.0446 -1.0000 -1 M159
4566.2270 -1.0000 -1 M161
769.3452 -1.0000 -1 M160
15931.5272 -1.0000 -1 M143
16341.8137 -1.0000 -1 M264
11553.4116 -1.0000 -1 M142
755.3152 -1.0000 -1 M263
26479.8493 -1.0000 -1 M141
27136.2899 -1.0000 -1 M262
10536.5650 -1.0000 -1 M140
1777.6604 -1.0000 -1 M261
32523.2455 -1.0000 -1 M147
13979.9966 -1.0000 -1 M268
32891.7548 -1.0000 -1 M146
13055.5217 -1.0000 -1 M267
34243.6788 -1.0000 -1 M145
2501.4343 -1.0000 -1 M266
1540.2963 -1.0000 -1 M144
10651.5804 -1.0000 -1 M265
4903.9859 -1.0000 -1 M149
33222.4695 -1.0000 -1 M148
7395.1972 -1.0000 -1 M269
15697.1315 -1.0000 -1 M11
15940.6404 -1.0000 -1 M10
6430.3388 -1.0000 -1 M13
6968.5126 -1.0000 -1 M12
19917.2203 -1.0000 -1 M15
7132.2904 -1.0000 -1 M14
12186.5435 -1.0000 -1 M17
23597.5864 -1.0000 -1 M16
26362.8802 -1.0000 -1 M19
31871.9875 -1.0000 -1 M18
15684.3731 -1.0000 -1 M150
6864.0297 -1.0000 -1 M271
16010.8424 -1.0000 -1 M270
2740.5105 -1.0000 -1 M176
7609.7931 -1.0000 -1 M175
25293.1455 -1.0000 -1 M174
16618.8367 -1.0000 -1 M173
15869.0832 -1.0000 -1 M179
2782.7192 -1.0000 -1 M178
10145.2626 -1.0000 -1 M177
23195.7010 -1.0000 -1 M20
11060.8650 -1.0000 -1 M22
7901.3844 -1.0000 -1 M21
34490.8695 -1.0000 -1 M24
2138.8840 -1.0000 -1 M23
280.0977 -1.0000 -1 M26
10925.1787 -1.0000 -1 M25
1145.2902 -1.0000 -1 M28
17572.8371 -1.0000 -1 M27
43192.4795 -1.0000 -1 M29
5063.5969 -1.0000 -1 M183
1796.6170 -1.0000 -1 M182
12267.1436 -1.0000 -1 M181
2733.1448 -1.0000 -1 M180
10295.4343 -1.0000 -1 M165
34967.1264 -1.0000 -1 M164
18108.8323 -1.0000 -1 M163
3496.6009 -1.0000 -1 M162
34169.6165 -1.0000 -1 M169
7109.7630 -1.0000 -1 M168
7576.7783 -1.0000 -1 M167
14401.6675 -1.0000 -1 M166
12019.3975 -1.0000 -1 M31
33554.2593 -1.0000 -1 M30
18393.1114 -1.0000 -1 M33
10996.6004 -1.0000 -1 M32
21755.4019 -1.0000 -1 M35
21789.0579 -1.0000 -1 M34
8365.3020 -1.0000 -1 M37
6128.3014 -1.0000 -1 M36
164.7787 -1.0000 -1 M39
25474.6045 -1.0000 -1 M38
16477.0352 -1.0000 -1 M172
14331.1133 -1.0000 -1 M171
14620.2504 -1.0000 -1 M170
8106.6759 -1.0000 -1 M198
21843.7213 -1.0000 -1 M197
17549.7097 -1.0000 -1 M196
15921.1091 -1.0000 -1 M195
5278.9113 -1.0000 -1 M1
32791.1196 -1.0000 -1 M2
19328.9272 -1.0000 -1 M3
10731.4268 -1.0000 -1 M4
41923.4215 -1.0000 -1 M199
10756.1484 -1.0000 -1 M5
1531.8450 -1.0000 -1 M40
128.4752 -1.0000 -1 M6
806.1961 -1.0000 -1 M7
14464.5755 -1.0000 -1 M42
68544.5810 -1.0000 -1 M8
569.3302 -1.0000 -1 M41
23403.7258 -1.0000 -1 M9
3568.1827 -1.0000 -1 M44
7888.6439 -1.0000 -1 M43
9532.1296 -1.0000 -1 M46
27132.7814 -1.0000 -1 M45
16111.5483 -1.0000 -1 M48
1732.1392 -1.0000 -1 M47
4526.0670 -1.0000 -1 M49
23971.0698 -1.0000 -1 M187
2284.2554 -1.0000 -1 M186
1236.0939 -1.0000 -1 M185
26883.4642 -1.0000 -1 M184
31999.4964 -1.0000 -1 M189
892.1268 -1.0000 -1 M188
45769.0496 -1.0000 -1 M51
9096.8103 -1.0000 -1 M50
14845.8201 -1.0000 -1 M53
22420.2708 -1.0000 -1 M52
6116.5066 -1.0000 -1 M55
29097.4514 -1.0000 -1 M54
26127.0333 -1.0000 -1 M57
13285.2316 -1.0000 -1 M56
4625.3005 -1.0000 -1 M59
24961.2342 -1.0000 -1 M58
9050.9825 -1.0000 -1 M190
1107.6843 -1.0000 -1 M194
1918.4088 -1.0000 -1 M193
1719.3275 -1.0000 -1 M192
33720.3407 -1.0000 -1 M191
9756.0827 -1.0000 -1 M60
14373.0879 -1.0000 -1 M62
22611.0484 -1.0000 -1 M61
5038.3070 -1.0000 -1 M64
7971.8381 -1.0000 -1 M63
2789.0115 -1.0000 -1 M66
12132.9988 -1.0000 -1 M65
640.1578 -1.0000 -1 M68
6865.9248 -1.0000 -1 M67
15924.0902 -1.0000 -1 M69
11407.8660 -1.0000 -1 M71
9420.7983 -1.0000 -1 M70
13106.3393 -1.0000 -1 M73
20883.2613 -1.0000 -1 M72
1846.3161 -1.0000 -1 M75
474.2907 -1.0000 -1 M74
8693.3078 -1.0000 -1 M77
288.4088 -1.0000 -1 M76
18525.9645 -1.0000 -1 M79
21879.2200 -1.0000 -1 M78
