0 29374.0 40557.0
1 25310.0 28435.0
2 43651.0 56748.0
3 57004.0 68328.0
4 62504.0 65929.0
5 37240.0 55137.0
6 26197.0 30085.0
7 3487.0 11526.0
8 57153.0 60821.0
9 27454.0 64989.0
10 57097.0 68396.0
11 24549.0 64995.0
12 22499.0 56749.0
13 28973.0 56731.0
14 19572.0 56734.0
15 3.0 2542.0
16 25277.0 56766.0
17 59832.0 68379.0
18 22617.0 31915.0
19 4.0 6561.0
20 35612.0 43989.0
21 62033.0 66433.0
22 5.0 7462.0
23 50063.0 56536.0
24 57037.0 63537.0
25 6.0 9067.0
26 6.0 6390.0
27 24105.0 30324.0
28 24821.0 50572.0
29 24528.0 28923.0
30 7998.0 16564.0
31 27827.0 31900.0
32 27973.0 54988.0
33 42570.0 56547.0
34 60373.0 68321.0
35 37104.0 56773.0
36 43126.0 50220.0
37 7210.0 12245.0
38 26421.0 34926.0
39 60158.0 68326.0
40 9.0 5426.0
41 29907.0 45628.0
42 19566.0 33271.0
43 10.0 6014.0
44 57099.0 64534.0
45 23701.0 56755.0
46 30555.0 58354.0
47 63236.0 65427.0
48 60846.0 68331.0
49 34115.0 56757.0
50 59028.0 66742.0
51 24375.0 56759.0
52 35780.0 49138.0
53 29710.0 47283.0
54 61453.0 66491.0
55 28384.0 49323.0
56 26803.0 56765.0
57 38052.0 52028.0
58 21501.0 31773.0
59 18747.0 56733.0
60 22417.0 40728.0
61 60061.0 63407.0
62 58595.0 62598.0
63 22433.0 61653.0
64 35622.0 53108.0
65 38857.0 45616.0
66 21612.0 30974.0
67 22775.0 33739.0
68 59678.0 68338.0
69 59196.0 63890.0
70 26420.0 53661.0
71 24228.0 35885.0
72 59253.0 62029.0
73 57039.0 67289.0
74 18776.0 47078.0
75 62550.0 66159.0
76 26900.0 56766.0
77 62503.0 65595.0
78 19819.0 30796.0
79 18.0 4904.0
80 57062.0 64182.0
81 25642.0 39656.0
82 60008.0 64794.0
83 19.0 6870.0
84 32626.0 39083.0
85 57049.0 68396.0
86 23070.0 58428.0
87 61709.0 65771.0
88 60994.0 64933.0
89 20.0 8923.0
90 59003.0 67914.0
91 21.0 8099.0
92 59904.0 64347.0
93 56997.0 68172.0
94 65182.0 68351.0
95 7885.0 16855.0
96 23781.0 30235.0
97 33498.0 64437.0
98 25343.0 61126.0
99 57059.0 68318.0
100 34785.0 50945.0
101 24633.0 41826.0
102 28533.0 56756.0
103 30173.0 47624.0
104 27980.0 56767.0
105 49436.0 56637.0
106 30.0 7458.0
107 61932.0 64354.0
108 21882.0 32431.0
109 24847.0 27961.0
110 39670.0 56791.0
111 138.0 1774.0
112 57104.0 61538.0
113 7991.0 15890.0
114 20642.0 53671.0
115 59509.0 65678.0
116 64369.0 68328.0
117 911.0 6024.0
118 38323.0 56774.0
119 7990.0 15906.0
120 16620.0 56727.0
121 2056.0 2080.0
122 26985.0 56759.0
123 21635.0 24912.0
124 41348.0 54879.0
125 15302.0 20401.0
126 22063.0 29440.0
127 22063.0 56533.0
128 15402.0 47282.0
129 51382.0 56790.0
130 59028.0 64996.0
131 16131.0 24824.0
132 21517.0 28865.0
133 21695.0 56725.0
134 16374.0 56725.0
135 28468.0 54726.0
136 33596.0 56791.0
137 20282.0 25663.0
138 57113.0 60302.0
139 16674.0 22237.0
140 44770.0 53285.0
141 41693.0 56776.0
142 57090.0 63318.0
143 16839.0 30095.0
144 26440.0 51954.0
145 16882.0 56726.0
146 16903.0 29349.0
147 16909.0 25061.0
148 20989.0 29213.0
149 27691.0 33731.0
150 16982.0 39844.0
151 23298.0 35140.0
152 17044.0 47284.0
153 17048.0 21295.0
154 37364.0 45339.0
155 43992.0 56727.0
156 17307.0 56792.0
157 58085.0 63931.0
158 17412.0 21276.0
159 21337.0 39904.0
160 24824.0 28769.0
161 17461.0 27796.0
162 60601.0 65565.0
163 22873.0 29158.0
164 17537.0 56695.0
165 23410.0 56727.0
166 17610.0 24275.0
167 31102.0 56727.0
168 17634.0 21643.0
169 57497.0 63253.0
170 22325.0 30702.0
171 36165.0 54955.0
172 36813.0 46582.0
173 17777.0 21458.0
174 21140.0 47242.0
175 17805.0 26025.0
176 17836.0 56730.0
177 58711.0 62813.0
178 17915.0 56732.0
179 24742.0 41352.0
180 17982.0 56793.0
181 18005.0 29517.0
182 18038.0 59869.0
183 26446.0 40930.0
184 18056.0 23137.0
185 18064.0 41394.0
186 18066.0 20629.0
187 58296.0 68082.0
188 63196.0 67675.0
189 57044.0 68394.0
190 45289.0 53973.0
191 42551.0 56778.0
192 18317.0 50092.0
193 21837.0 27500.0
194 57153.0 65999.0
195 53599.0 68321.0
196 18414.0 45650.0
197 57031.0 65032.0
198 57069.0 62139.0
199 57073.0 63508.0
200 18462.0 21526.0
201 26613.0 47285.0
202 58092.0 63263.0
203 18494.0 22596.0
204 28010.0 58429.0
205 21882.0 28574.0
206 24184.0 37940.0
207 18595.0 58427.0
208 18620.0 31636.0
209 57066.0 64926.0
210 18709.0 21413.0
211 18740.0 30860.0
212 18744.0 47286.0
213 18794.0 31559.0
214 39499.0 53748.0
215 18836.0 29638.0
216 18837.0 40982.0
217 18841.0 26350.0
218 57039.0 65335.0
219 18903.0 26420.0
220 18975.0 25939.0
221 18976.0 47288.0
222 45662.0 56733.0
223 19003.0 44663.0
224 25070.0 37189.0
225 26258.0 56735.0
226 19033.0 26913.0
227 19071.0 30312.0
228 33401.0 47684.0
229 36851.0 47683.0
230 19117.0 27904.0
231 57001.0 66170.0
232 22598.0 31715.0
233 19152.0 30875.0
234 41177.0 45718.0
235 62007.0 66614.0
236 57172.0 68325.0
237 31195.0 45558.0
238 19251.0 25856.0
239 19257.0 56731.0
240 27319.0 39473.0
241 61725.0 68018.0
242 19280.0 23990.0
243 19287.0 23473.0
244 19289.0 33016.0
245 63580.0 68172.0
246 19297.0 25109.0
247 19298.0 44979.0
248 61544.0 65843.0
249 57036.0 68388.0
250 29718.0 56748.0
251 26222.0 29323.0
252 19321.0 23313.0
253 59400.0 68398.0
254 19337.0 56734.0
255 62461.0 67248.0
256 29418.0 42020.0
257 21975.0 47286.0
258 29643.0 56732.0
259 63480.0 68333.0
260 26718.0 30404.0
261 19404.0 67336.0
262 19422.0 29318.0
263 19433.0 23391.0
264 19437.0 23912.0
265 19444.0 31266.0
266 19447.0 27318.0
267 62596.0 65559.0
268 19450.0 31810.0
269 57073.0 62714.0
270 46572.0 56781.0
271 57036.0 66901.0
272 57036.0 68362.0
273 44252.0 55981.0
274 19531.0 23749.0
275 19533.0 26741.0
276 51949.0 56763.0
277 24490.0 58430.0
278 60729.0 68324.0
279 34779.0 59874.0
280 19576.0 56543.0
281 23228.0 30682.0
282 24800.0 28214.0
283 24065.0 32244.0
284 30127.0 46616.0
285 39147.0 47815.0
286 19650.0 47283.0
287 19656.0 24088.0
288 19660.0 25419.0
289 19667.0 47290.0
290 62148.0 68193.0
291 25024.0 29715.0
292 19703.0 25779.0
293 60400.0 65478.0
294 47812.0 68359.0
295 61397.0 66552.0
296 19741.0 56737.0
297 33603.0 45797.0
298 19752.0 39831.0
299 19780.0 25168.0
300 59851.0 64725.0
301 19783.0 28694.0
302 19794.0 58942.0
303 19816.0 31269.0
304 32562.0 44642.0
305 35680.0 52777.0
306 29636.0 45387.0
307 19863.0 24982.0
308 56591.0 63487.0
309 57160.0 63609.0
310 57045.0 67194.0
311 24491.0 30686.0
312 33529.0 45796.0
313 19951.0 47418.0
314 25126.0 28396.0
315 19985.0 56733.0
316 28104.0 48592.0
317 19998.0 51465.0
318 20035.0 28788.0
319 20037.0 22890.0
320 20040.0 47712.0
321 49554.0 56633.0
322 20066.0 56729.0
323 20075.0 44719.0
324 59808.0 64682.0
325 61100.0 68359.0
326 58580.0 63699.0
327 26164.0 56735.0
328 20083.0 25685.0
329 20115.0 47288.0
330 25846.0 47222.0
331 34028.0 56734.0
332 20159.0 23392.0
333 20165.0 36850.0
334 20198.0 58429.0
335 20207.0 24748.0
336 20210.0 58737.0
337 28292.0 51071.0
338 41407.0 56736.0
339 59117.0 63174.0
340 63270.0 67940.0
341 57011.0 68331.0
342 29659.0 32856.0
343 20286.0 24963.0
344 50195.0 57468.0
345 28023.0 33819.0
346 59300.0 64693.0
347 37726.0 44929.0
348 36733.0 43659.0
349 20380.0 25082.0
350 34780.0 66870.0
351 24402.0 49229.0
352 54178.0 59644.0
353 20402.0 27434.0
354 57079.0 67918.0
355 34148.0 56737.0
356 56999.0 60834.0
357 29655.0 56738.0
358 41655.0 50458.0
359 20488.0 33357.0
360 20497.0 47657.0
361 24088.0 45942.0
362 20509.0 42668.0
363 47742.0 65733.0
364 57104.0 68398.0
365 20554.0 58430.0
366 20560.0 25372.0
367 20565.0 28023.0
368 22412.0 47298.0
369 43733.0 56753.0
370 20612.0 48325.0
371 20629.0 63790.0
372 20649.0 31205.0
373 20661.0 56716.0
374 63389.0 67013.0
375 20692.0 28797.0
376 42263.0 56739.0
377 20695.0 26078.0
378 59347.0 63823.0
379 26844.0 30470.0
380 57724.0 66329.0
381 31205.0 31562.0
382 20783.0 29272.0
383 59687.0 63610.0
384 25883.0 29750.0
385 58108.0 68354.0
386 20833.0 23906.0
387 57100.0 62887.0
388 20842.0 29087.0
389 35110.0 46317.0
390 20852.0 55765.0
391 26344.0 39570.0
392 20891.0 28298.0
393 33745.0 44161.0
394 57056.0 66212.0
395 59985.0 65101.0
396 27911.0 43887.0
397 57060.0 68242.0
398 60547.0 68362.0
399 20970.0 45869.0
400 40831.0 53758.0
401 57162.0 68319.0
402 21046.0 34431.0
403 46243.0 56779.0
404 49961.0 56786.0
405 21073.0 47297.0
406 47750.0 67160.0
407 23818.0 29071.0
408 21094.0 56734.0
409 60947.0 67410.0
410 21101.0 26072.0
411 21103.0 25218.0
412 21112.0 52641.0
413 38141.0 44520.0
414 64931.0 68005.0
415 21124.0 47293.0
416 21125.0 28516.0
417 21126.0 47295.0
418 57542.0 62036.0
419 64082.0 67749.0
420 21161.0 25506.0
421 62819.0 66978.0
422 25315.0 31285.0
423 21185.0 47296.0
424 21187.0 33471.0
425 21210.0 24939.0
426 23836.0 56741.0
427 31825.0 37275.0
428 21220.0 34488.0
429 21250.0 27525.0
430 25511.0 56744.0
431 26380.0 28808.0
432 21287.0 27316.0
433 21298.0 28824.0
434 27030.0 38995.0
435 47817.0 64646.0
436 27617.0 61742.0
437 24807.0 47296.0
438 21373.0 25974.0
439 21383.0 56743.0
440 21383.0 35478.0
441 59348.0 68359.0
442 58113.0 62830.0
443 21425.0 53234.0
444 26461.0 36571.0
445 36376.0 56739.0
446 38182.0 46383.0
447 21478.0 47294.0
448 38303.0 44260.0
449 21487.0 27134.0
450 62283.0 66751.0
451 22829.0 29662.0
452 21503.0 47304.0
453 21504.0 68367.0
454 60496.0 64707.0
455 21544.0 47712.0
456 24901.0 27395.0
457 58311.0 61706.0
458 45614.0 56739.0
459 23252.0 47299.0
460 21560.0 31597.0
461 21560.0 31167.0
462 34316.0 46807.0
463 32918.0 39213.0
464 21607.0 25381.0
465 21609.0 47364.0
466 27246.0 35838.0
467 57312.0 68331.0
468 21662.0 28120.0
469 62020.0 65031.0
470 59569.0 65227.0
471 26946.0 31064.0
472 21681.0 47301.0
473 21688.0 61111.0
474 22819.0 25781.0
475 21725.0 32527.0
476 21736.0 25094.0
477 23419.0 31512.0
478 26658.0 29757.0
479 26272.0 56741.0
480 62931.0 67061.0
481 21793.0 56744.0
482 21800.0 25707.0
483 21802.0 27547.0
484 31330.0 64129.0
485 24628.0 68283.0
486 47624.0 68369.0
487 59039.0 64340.0
488 39430.0 47659.0
489 21853.0 32664.0
490 21875.0 28635.0
491 58288.0 66211.0
492 39223.0 45600.0
493 21919.0 25234.0
494 26049.0 32651.0
495 21944.0 47302.0
496 21962.0 56737.0
497 21972.0 31824.0
498 21977.0 34326.0
499 27436.0 32582.0
500 34302.0 47367.0
501 63052.0 66923.0
502 35884.0 43831.0
503 27145.0 30813.0
504 22041.0 47662.0
505 22066.0 26252.0
506 59182.0 65987.0
507 26054.0 32732.0
508 59669.0 62309.0
509 22077.0 28136.0
510 22083.0 68367.0
511 43851.0 56743.0
512 22099.0 26668.0
513 56997.0 68325.0
514 22106.0 26386.0
515 22123.0 27222.0
516 32101.0 42934.0
517 22139.0 26161.0
518 22148.0 25779.0
519 22165.0 31050.0
520 31373.0 56745.0
521 57112.0 66058.0
522 59879.0 62683.0
523 43702.0 49805.0
524 28838.0 33405.0
525 22207.0 27437.0
526 22207.0 68364.0
527 61369.0 64182.0
528 57075.0 62827.0
529 41469.0 53912.0
530 27737.0 32119.0
531 49024.0 56745.0
532 22231.0 24865.0
533 39955.0 56749.0
534 47748.0 62537.0
535 27632.0 31682.0
536 29261.0 56726.0
537 35360.0 40621.0
538 22357.0 51549.0
539 62994.0 67431.0
540 22361.0 51145.0
541 57096.0 68395.0
542 63023.0 66374.0
543 28522.0 56751.0
544 22414.0 50654.0
545 23253.0 27533.0
546 63135.0 67850.0
547 57364.0 61865.0
548 30803.0 43761.0
549 57054.0 61400.0
550 22432.0 24181.0
551 59255.0 63606.0
552 22493.0 56740.0
553 56994.0 64764.0
554 22496.0 47301.0
555 36229.0 43279.0
556 56988.0 68321.0
557 22559.0 30335.0
558 22559.0 29948.0
559 27251.0 32333.0
560 60063.0 65700.0
561 22564.0 31420.0
562 42018.0 52577.0
563 48304.0 52444.0
564 36407.0 44190.0
565 22620.0 56741.0
566 28214.0 56744.0
567 61444.0 66585.0
568 65271.0 68334.0
569 22642.0 54891.0
570 57051.0 63377.0
571 24510.0 48811.0
572 28614.0 45817.0
573 60498.0 68400.0
574 62715.0 66203.0
575 53170.0 56793.0
576 31216.0 56748.0
577 22709.0 24522.0
578 39226.0 56751.0
579 60749.0 66138.0
580 29464.0 44111.0
581 22731.0 26170.0
582 22765.0 26761.0
583 59879.0 65856.0
584 59558.0 63708.0
585 52335.0 56788.0
586 22773.0 56747.0
587 22773.0 56747.0
588 48931.0 56779.0
589 59532.0 62950.0
590 22812.0 47302.0
591 60500.0 68400.0
592 22866.0 27984.0
593 29257.0 64763.0
594 57048.0 68396.0
595 61613.0 64623.0
596 22910.0 30735.0
597 43862.0 54291.0
598 56992.0 62264.0
599 29112.0 56753.0
600 60192.0 64986.0
601 58550.0 68388.0
602 61162.0 67116.0
603 22946.0 27832.0
604 57046.0 68333.0
605 22951.0 47304.0
606 62590.0 68319.0
607 22957.0 47371.0
608 22960.0 25528.0
609 22996.0 25904.0
610 27847.0 30322.0
611 34703.0 56754.0
612 23007.0 56787.0
613 23014.0 28793.0
614 25864.0 40785.0
615 30157.0 42806.0
616 23072.0 42931.0
617 59887.0 65002.0
618 24354.0 56756.0
619 23087.0 56757.0
620 53766.0 61110.0
621 29460.0 47305.0
622 23109.0 26365.0
623 61938.0 66352.0
624 23125.0 61538.0
625 23125.0 64247.0
626 23125.0 68370.0
627 60626.0 66769.0
628 27841.0 56750.0
629 23150.0 52236.0
630 23179.0 45464.0
631 23180.0 34917.0
632 23190.0 24737.0
633 23192.0 28053.0
634 63571.0 67924.0
635 59345.0 68334.0
636 23223.0 33123.0
637 50535.0 55051.0
638 23228.0 32199.0
639 23228.0 23728.0
640 28529.0 56755.0
641 23241.0 56759.0
642 23253.0 27014.0
643 26368.0 30157.0
644 29963.0 33837.0
645 23600.0 33345.0
646 23276.0 68347.0
647 57102.0 61038.0
648 23293.0 26482.0
649 26579.0 47488.0
650 23312.0 56757.0
651 23315.0 40408.0
652 61694.0 66730.0
653 23344.0 29257.0
654 34922.0 57760.0
655 23352.0 26075.0
656 23353.0 31348.0
657 63216.0 66249.0
658 23941.0 26777.0
659 23380.0 26100.0
660 23382.0 56753.0
661 59290.0 63214.0
662 29651.0 34914.0
663 25690.0 35473.0
664 39430.0 56742.0
665 29879.0 68373.0
666 23454.0 26585.0
667 23454.0 26775.0
668 23513.0 27951.0
669 23516.0 68370.0
670 28764.0 52057.0
671 23527.0 24849.0
672 58488.0 61689.0
673 27632.0 47365.0
674 57054.0 66001.0
675 29368.0 32283.0
676 30064.0 47310.0
677 23605.0 68344.0
678 33842.0 39933.0
679 23609.0 28322.0
680 23610.0 24872.0
681 57679.0 66573.0
682 60930.0 66750.0
683 23627.0 56757.0
684 57051.0 65024.0
685 57078.0 60731.0
686 37690.0 56691.0
687 57196.0 64240.0
688 23696.0 27262.0
689 23699.0 56754.0
690 46005.0 51343.0
691 64474.0 67256.0
692 60048.0 65149.0
693 30402.0 46708.0
694 23771.0 28146.0
695 65115.0 68336.0
696 28327.0 36636.0
697 23779.0 46014.0
698 61691.0 66627.0
699 54489.0 61870.0
700 47787.0 56751.0
701 56995.0 61894.0
702 50667.0 59680.0
703 50429.0 53563.0
704 57081.0 60914.0
705 48635.0 56783.0
706 23864.0 26592.0
707 29578.0 47245.0
708 57067.0 61480.0
709 46901.0 56779.0
710 59016.0 62265.0
711 57078.0 66562.0
712 31462.0 56752.0
713 23946.0 32818.0
714 56994.0 62219.0
715 23955.0 47438.0
716 23955.0 68372.0
717 23957.0 26114.0
718 41470.0 47378.0
719 41694.0 56666.0
720 28758.0 32670.0
721 26270.0 46423.0
722 24060.0 36811.0
723 24060.0 28065.0
724 57061.0 67913.0
725 57047.0 66309.0
726 29577.0 31785.0
727 57052.0 65783.0
728 44551.0 54389.0
729 57093.0 68393.0
730 56997.0 60722.0
731 24128.0 29653.0
732 37789.0 47308.0
733 57279.0 61702.0
734 24149.0 68372.0
735 61668.0 65660.0
736 24186.0 34389.0
737 57876.0 63247.0
738 61393.0 65071.0
739 24200.0 28150.0
740 30506.0 56757.0
741 26162.0 62992.0
742 61460.0 68394.0
743 43082.0 47111.0
744 24250.0 53774.0
745 24259.0 29381.0
746 24273.0 56559.0
747 25724.0 31619.0
748 57056.0 64064.0
749 57057.0 64351.0
750 24354.0 68375.0
751 61676.0 67101.0
752 40091.0 48989.0
753 24374.0 29602.0
754 36971.0 42169.0
755 52903.0 56766.0
756 57172.0 61813.0
757 57064.0 67568.0
758 24439.0 48493.0
759 24439.0 26671.0
760 55246.0 59004.0
761 24443.0 27960.0
762 57622.0 63388.0
763 58410.0 61927.0
764 65307.0 68322.0
765 24445.0 27661.0
766 27564.0 47314.0
767 24447.0 27855.0
768 24450.0 28164.0
769 30336.0 56759.0
770 24455.0 56658.0
771 32753.0 35998.0
772 57069.0 68322.0
773 61465.0 65559.0
774 43263.0 56777.0
775 24533.0 29465.0
776 62041.0 67073.0
777 57081.0 68330.0
778 40280.0 50845.0
779 24542.0 56704.0
780 29229.0 50238.0
781 24550.0 33355.0
782 24552.0 41380.0
783 57719.0 63617.0
784 24557.0 43091.0
785 24607.0 32472.0
786 61161.0 64135.0
787 57106.0 68399.0
788 24636.0 56763.0
789 59010.0 64709.0
790 24641.0 28554.0
791 57672.0 62436.0
792 24652.0 28263.0
793 24652.0 28872.0
794 24652.0 47249.0
795 57903.0 62577.0
796 24713.0 26986.0
797 24719.0 55951.0
798 24720.0 56763.0
799 26969.0 47377.0
800 46958.0 56782.0
801 59124.0 68348.0
802 28765.0 35295.0
803 36700.0 53774.0
804 24855.0 47317.0
805 61806.0 65795.0
806 24859.0 49637.0
807 63956.0 68350.0
808 62340.0 66670.0
809 59682.0 63834.0
810 57111.0 60188.0
811 24934.0 30161.0
812 24949.0 27076.0
813 27086.0 56761.0
814 25002.0 56723.0
815 61164.0 68325.0
816 41845.0 68373.0
817 25039.0 28363.0
818 57047.0 68396.0
819 57157.0 62018.0
820 25043.0 35178.0
821 25049.0 61122.0
822 28727.0 49448.0
823 57883.0 63253.0
824 25074.0 28641.0
825 58839.0 68344.0
826 47049.0 55501.0
827 30273.0 32978.0
828 42540.0 61124.0
829 60178.0 63643.0
830 48371.0 54126.0
831 25154.0 56754.0
832 48635.0 56783.0
833 25161.0 30055.0
834 25168.0 28643.0
835 57086.0 65826.0
836 25173.0 28158.0
837 57049.0 67912.0
838 53169.0 57019.0
839 29600.0 32681.0
840 25259.0 29694.0
841 25261.0 35335.0
842 36049.0 52932.0
843 25270.0 56764.0
844 25318.0 29068.0
845 52492.0 57674.0
846 25329.0 28672.0
847 63283.0 66929.0
848 61401.0 65385.0
849 25345.0 28334.0
850 32279.0 42429.0
851 57905.0 66184.0
852 37291.0 56761.0
853 25354.0 30339.0
854 25424.0 28976.0
855 34935.0 45411.0
856 25429.0 47318.0
857 25431.0 56761.0
858 40346.0 49056.0
859 29409.0 47280.0
860 25446.0 27959.0
861 62357.0 65759.0
862 63222.0 67662.0
863 25451.0 34001.0
864 57108.0 58679.0
865 49051.0 55416.0
866 25532.0 33925.0
867 26319.0 50299.0
868 63221.0 68392.0
869 62674.0 66275.0
870 36070.0 59165.0
871 60633.0 65162.0
872 61293.0 65170.0
873 25627.0 31533.0
874 25628.0 47378.0
875 64328.0 66800.0
876 25633.0 29219.0
877 25646.0 44431.0
878 61717.0 68336.0
879 25717.0 29889.0
880 25717.0 28471.0
881 25719.0 68377.0
882 62008.0 68252.0
883 60069.0 64236.0
884 58391.0 61913.0
885 59119.0 68331.0
886 34199.0 40576.0
887 28988.0 38622.0
888 63587.0 67145.0
889 61035.0 66447.0
890 25908.0 28574.0
891 25940.0 56763.0
892 57044.0 68393.0
893 26012.0 61126.0
894 63280.0 66787.0
895 63247.0 66372.0
896 61296.0 66062.0
897 26028.0 46446.0
898 26029.0 31002.0
899 53502.0 56125.0
900 59783.0 62590.0
901 26095.0 31007.0
902 29081.0 32530.0
903 26097.0 29685.0
904 30922.0 33285.0
905 57091.0 63672.0
906 58780.0 63900.0
907 60975.0 64348.0
908 26129.0 56765.0
909 26130.0 47333.0
910 37301.0 46018.0
911 26142.0 56724.0
912 51406.0 56756.0
913 43662.0 56762.0
914 48462.0 56784.0
915 26230.0 30626.0
916 33220.0 55584.0
917 26291.0 44982.0
918 37746.0 54418.0
919 40981.0 47323.0
920 26299.0 61125.0
921 26321.0 30430.0
922 27656.0 49888.0
923 57788.0 59029.0
924 26327.0 29428.0
925 26402.0 47324.0
926 59237.0 62802.0
927 26426.0 31712.0
928 26498.0 54585.0
929 62376.0 68330.0
930 26525.0 56719.0
931 46180.0 52231.0
932 57023.0 64887.0
933 26616.0 31005.0
934 26617.0 47679.0
935 57854.0 64971.0
936 26660.0 47306.0
937 63939.0 68375.0
938 26688.0 47319.0
939 26698.0 30569.0
940 26700.0 37058.0
941 36885.0 47327.0
942 38732.0 50220.0
943 47775.0 60117.0
944 60638.0 64615.0
945 66296.0 68341.0
946 62714.0 65886.0
947 64626.0 67110.0
948 26808.0 29056.0
949 26881.0 31624.0
950 26896.0 40405.0
951 26900.0 56777.0
952 26994.0 30473.0
953 65338.0 68341.0
954 39248.0 50982.0
955 59688.0 63611.0
956 62696.0 65673.0
957 40757.0 55702.0
958 27283.0 31880.0
959 54259.0 62786.0
960 42338.0 49221.0
961 61459.0 67815.0
962 27389.0 56751.0
963 59236.0 62122.0
964 62469.0 67732.0
965 64382.0 68333.0
966 27593.0 47281.0
967 27617.0 31494.0
968 27683.0 67447.0
969 61930.0 68348.0
970 27685.0 30658.0
971 64329.0 68020.0
972 33336.0 44750.0
973 62930.0 65792.0
974 38726.0 52052.0
975 59742.0 64493.0
976 27881.0 50610.0
977 59041.0 62705.0
978 47231.0 55546.0
979 27980.0 56570.0
980 28089.0 47327.0
981 40596.0 45688.0
982 47764.0 68373.0
983 57592.0 60948.0
984 29093.0 31971.0
985 29205.0 64560.0
986 29207.0 68384.0
987 34406.0 56769.0
988 29433.0 47683.0
989 29542.0 32440.0
990 29603.0 68383.0
991 29604.0 60456.0
992 29628.0 50367.0
993 29641.0 56769.0
994 31979.0 56744.0
995 29800.0 33068.0
996 40641.0 56659.0
997 29805.0 41482.0
998 29903.0 47330.0
999 29908.0 33074.0
1000 29990.0 56746.0
1001 30086.0 49885.0
1002 30388.0 36542.0
1003 61237.0 68383.0
1004 30693.0 56770.0
1005 30858.0 56769.0
1006 37412.0 50952.0
1007 57131.0 62916.0
1008 38340.0 47333.0
1009 47224.0 53789.0
1010 32228.0 56771.0
1011 32466.0 57316.0
1012 39369.0 56747.0
1013 34464.0 56747.0
1014 35375.0 68383.0
1015 37643.0 56748.0
1016 42443.0 50553.0
1017 57023.0 68377.0
1018 37965.0 53579.0
1019 57037.0 66100.0
1020 47815.0 68362.0
1021 61270.0 65502.0
1022 47982.0 56775.0
1023 41180.0 64119.0
1024 63025.0 66707.0
1025 58981.0 67412.0
1026 50299.0 56752.0
1027 43262.0 53016.0
1028 48160.0 56777.0
1029 54557.0 59777.0
1030 45070.0 56777.0
1031 57091.0 68391.0
1032 46647.0 56600.0
1033 46900.0 68186.0
1034 47796.0 56757.0
1035 48169.0 57013.0
1036 59251.0 68340.0
1037 49327.0 55343.0
1038 50049.0 56757.0
1039 50360.0 56761.0
1040 61850.0 65482.0
1041 52203.0 55084.0
1042 57049.0 64800.0
1043 57515.0 61677.0
1044 54441.0 55357.0
1045 51312.0 56789.0
1046 60927.0 64534.0
1047 57051.0 64097.0
1048 57569.0 59530.0
1049 57097.0 63342.0
1050 61068.0 67055.0
1051 60820.0 64975.0
1052 57059.0 68318.0
1053 60603.0 68398.0
1054 53294.0 56776.0
1055 53811.0 64425.0
1056 57078.0 67300.0
1057 57064.0 63730.0
1058 63231.0 65950.0
1059 62329.0 66057.0
1060 60500.0 68319.0
1061 63121.0 67757.0
1062 57068.0 67741.0
1063 54989.0 58758.0
1064 57057.0 64065.0
1065 62926.0 68318.0
1066 57065.0 62820.0
1067 60830.0 64765.0
1068 62784.0 66468.0
1069 57000.0 64989.0
1070 57064.0 66321.0
1071 57090.0 68341.0
1072 61826.0 65027.0
1073 61670.0 64986.0
1074 57087.0 57456.0
1075 58271.0 62790.0
1076 60576.0 66603.0
1077 60723.0 68326.0
1078 57000.0 61677.0
1079 63476.0 66477.0
1080 59880.0 65104.0
1081 56994.0 58794.0
1082 56999.0 60834.0
1083 59879.0 65535.0
1084 57222.0 64671.0
1085 59990.0 64044.0
1086 61236.0 64040.0
1087 57406.0 62573.0
1088 59777.0 61677.0
1089 57535.0 61919.0
1090 57776.0 64991.0
1091 58307.0 68326.0
1092 57903.0 63373.0
1093 64706.0 68324.0
1094 61428.0 63923.0
1095 62805.0 67149.0
1096 58263.0 61883.0
1097 61236.0 63358.0
1098 58402.0 58404.0
1099 58410.0 61382.0
1100 62568.0 65424.0
1101 58569.0 66303.0
1102 58599.0 62358.0
1103 62589.0 65866.0
1104 58744.0 66016.0
1105 60424.0 65546.0
1106 58824.0 64574.0
1107 65917.0 68005.0
1108 58918.0 62238.0
1109 59117.0 64084.0
1110 59137.0 60959.0
1111 63489.0 66388.0
1112 60329.0 66978.0
1113 59565.0 62925.0
1114 59575.0 62474.0
1115 59673.0 64055.0
1116 59741.0 62538.0
1117 59786.0 67519.0
1118 59791.0 67913.0
1119 59920.0 63257.0
1120 60013.0 62592.0
1121 60044.0 62253.0
1122 60071.0 62623.0
1123 60804.0 63890.0
1124 60973.0 63163.0
1125 64722.0 66337.0
1126 62507.0 64211.0
1127 60826.0 68321.0
1128 60968.0 66876.0
1129 60982.0 65561.0
1130 61072.0 64612.0
1131 62590.0 68188.0
1132 61085.0 68339.0
1133 61123.0 65920.0
1134 61158.0 68398.0
1135 61175.0 64492.0
1136 61196.0 66565.0
1137 62507.0 64388.0
1138 61342.0 64670.0
1139 61456.0 64678.0
1140 61463.0 64069.0
1141 61623.0 64634.0
1142 62720.0 64593.0
1143 61720.0 62848.0
1144 62507.0 68336.0
1145 61881.0 65759.0
1146 61898.0 68395.0
1147 61900.0 67195.0
1148 62059.0 64106.0
1149 62167.0 65820.0
1150 62173.0 64219.0
1151 62193.0 64226.0
1152 62738.0 64212.0
1153 62836.0 65569.0
1154 64513.0 66437.0
1155 63195.0 65823.0
1156 64410.0 67395.0
1157 63960.0 65563.0
1158 64792.0 68391.0
1159 67171.0 68373.0
