23247 0907 17120.6844 52395.6996
23274 0907 17032.119 52398.0213
23303 0907 16854.9456 52402.425075
23330 0907 16568.7588 52409.4381
23358 0907 16371.1374 52413.9963
23386 0907 16345.9182 52406.030099999996
23414 0907 16292.2848 52376.3592
23443 0907 16262.55 52359.64935
23471 0907 16104.163199999999 52265.982599999996
23499 0907 16104.163199999999 52265.982599999996
23528 0907 16092.4908 52258.9962
23557 0907 16033.6602 52320.686324999995
23585 0907 15912.4206 52272.931725
23613 0907 15736.226999999999 52169.1741
23642 0907 15571.9614 52072.030125
23671 0907 15495.75 52026.884775
23702 0907 15472.107 52013.295375
23729 0907 15420.6462 52063.9095
23759 0907 15370.9746 52147.8102
23789 0907 15291.0996 52282.777649999996
23818 0907 15200.9154 52435.2324
23847 0907 15100.208999999999 52605.296925
23877 0907 15013.3476 52751.968725
23907 0907 15006.446399999999 52763.66775
23936 0907 14937.008399999999 52881.03075
23965 0907 14936.7102 52881.6591
23994 0907 14936.7102 52881.6591
24023 0907 14936.7102 52881.6591
24052 0907 14936.7102 52881.6591
24082 0907 14936.7102 52881.6591
24111 0907 14936.7102 52881.6591
24141 0907 14936.7102 52881.6591
24171 0907 14936.7102 52881.6591
24201 0907 14936.4546 52882.037175
24230 0907 14936.4546 52882.037175
24260 0907 14936.4546 52882.037175
24289 0907 14936.4546 52882.037175
24319 0907 14912.2578 52922.794725
24348 0907 14842.9476 53040.03525
24377 0907 14709.0132 53191.856325
24407 0907 14648.052599999999 53247.385425
24437 0907 14607.752999999999 53283.98415
24466 0907 14380.8228 53490.35985
24497 0907 14320.288199999999 53545.388399999996
24527 0907 14184.181199999999 53669.290499999996
24557 0907 14078.3202 53765.61975
24588 0907 14125.4358 53931.80235
24617 0907 14134.8078 54072.866925
24648 0907 14136.895199999999 54175.149525
24679 0907 14140.6014 54325.026975
24708 0907 14143.9242 54461.23515
24738 0907 14148.4398 54638.45115
24768 0907 14156.0226 54938.200724999995
24799 0907 14266.6974 54975.688725
24829 0907 14266.8252 54982.5207
24860 0907 14270.7444 55139.23545
24891 0907 14272.4484 55207.45935
24922 0907 14273.8542 55261.8915
24952 0907 14276.964 55377.715575
24983 0907 14277.2622 55582.238175
25015 0907 14309.9364 55853.5203
25047 0907 14186.865 56124.509549999995
25183 0907 13449.6294 56471.03925
25216 0907 13449.6294 56471.03925
25250 0907 13449.6294 56471.03925
25285 0907 13449.6294 56471.03925
25319 0907 13449.6294 56471.03925
25352 0907 13449.6294 56471.03925
25386 0907 13449.6294 56471.03925
25419 0907 13449.6294 56471.03925
25454 0907 13449.6294 56471.03925
25488 0907 13449.6294 56471.03925
25525 0907 13449.6294 56471.03925
25591 0907 13449.6294 56471.03925
25625 0907 13449.6294 56471.03925
25660 0907 13449.6294 56471.03925
25695 0907 13449.6294 56471.03925
25729 0907 13449.6294 56471.03925
25764 0907 13449.6294 56471.03925
25799 0907 13449.6294 56471.03925
25835 0907 13449.6294 56471.03925
25905 0907 13449.6294 56471.03925
25939 0907 13449.6294 56471.03925
25975 0907 13415.5068 56471.7102
26011 0907 13404.0474 56659.8105
26045 0907 13408.8612 56857.410599999996
26081 0907 13413.7176 57055.0107
26116 0907 13183.4646 56851.6809
26151 0907 13376.4 56623.307625
26221 0907 13388.1576 56084.076825
26258 0907 13388.1576 56084.076825
26293 0907 13388.1576 56084.076825
26328 0907 13386.453599999999 56022.6849
26364 0907 13559.409599999999 56031.572325
26400 0907 13675.239 56028.909824999995
26471 0907 13792.5594 55709.28735
26508 0907 13869.835799999999 55813.321875
26544 0907 13637.112 56029.78845
26579 0907 13413.462 56019.165075
26618 0907 13392.0342 56224.374599999996
26652 0907 13430.5446 56471.412
26688 0907 13505.5632 56469.93165
26724 0907 13563.6696 56454.111075
26759 0907 13883.9364 56447.16195
26795 0907 14190.6138 56440.500374999996
26831 0907 14222.4786 56364.523275
26868 0907 14181.412199999999 56117.03325
27613 0907 14683.0698 53215.3662
27649 0907 14814.7038 53087.83245
27688 0907 14859.6894 53011.605075
27726 0907 14859.6894 53011.605075
27763 0907 14863.1826 53005.694325
27801 0907 14998.608 52776.879075
27838 0907 15029.7912 52724.172225
27876 0907 15029.7912 52724.172225
27912 0907 15029.7912 52724.172225
27983 0907 15061.1448 52671.337575
28019 0907 15144.4278 52530.58185
28055 0907 15179.1894 52471.96425
28091 0907 15252.035399999999 52348.812975
28126 0907 15300.642 52266.674849999996
28162 0907 15307.5432 52254.98115
28198 0907 15390.911399999999 52114.097625
28233 0907 15412.3818 52077.74385
28268 0907 15481.904999999999 52018.70025
28276 0907 15481.904999999999 52018.70025
28339 0907 15574.517399999999 52073.595675
28374 0907 15721.189199999999 52160.265374999995
28410 0907 15756.419399999999 52181.21925
28447 0907 15967.459799999999 52306.181025
28482 0907 16028.2074 52329.87195
28518 0907 16100.9256 52264.05495
28554 0907 16147.7856 52291.74495
28589 0907 16306.854 52384.405275
28625 0907 16306.854 52384.405275
28662 0907 16401.426 52413.288075
28698 0907 16401.426 52413.288075
28734 0907 16436.784 52412.3562
28772 0907 16682.1174 52406.876775
28811 0907 16961.4882 52399.757249999995
28849 0907 17015.9736 52398.457949999996
28887 0907 17460.888 52387.057125
28926 0907 17685.0918 52541.790974999996
28964 0907 17867.8032 52608.672975
29003 0907 18222.149999999998 52600.919775
29042 0907 18317.574 52598.7312
29119 0907 18923.8998 52581.25455
29159 0907 19002.1986 52715.918475
29199 0907 19012.7208 53022.4521
29238 0907 18928.0746 53127.3759
29277 0907 19018.983 53193.41655
29316 0907 19018.983 53193.41655
29354 0907 19018.983 53193.41655
29393 0907 19018.983 53193.41655
29432 0907 19018.983 53193.41655
29472 0907 19018.983 53193.41655
29511 0907 19018.983 53193.41655
29550 0907 19018.983 53193.41655
29587 0907 19018.983 53193.41655
29626 0907 19018.983 53193.41655
29664 0907 19019.2812 53193.038475
29704 0907 19019.2812 53193.038475
29741 0907 19019.2812 53193.038475
29778 0907 19019.2812 53193.038475
29815 0907 19019.2812 53193.038475
29850 0907 19019.2812 53193.038475
29887 0907 19019.2812 53193.038475
29924 0907 19019.2812 53193.038475
29961 0907 19019.2812 53193.038475
29998 0907 19019.2812 53193.038475
30034 0907 19019.2812 53193.038475
30071 0907 19019.2812 53193.038475
30107 0907 19019.2812 53193.038475
30144 0907 19019.2812 53193.038475
30181 0907 19019.2812 53193.038475
30220 0907 19019.2812 53193.038475
30258 0907 19019.2812 53193.038475
30296 0907 19019.2812 53193.038475
30333 0907 19019.2812 53193.038475
30370 0907 19019.2812 53193.038475
30408 0907 19019.2812 53193.038475
30446 0907 19019.2812 53193.038475
30483 0907 19019.2812 53193.038475
30520 0907 19019.2812 53193.038475
30557 0907 19013.232 53036.739075
30594 0907 19007.821799999998 52893.6084
30630 0907 19007.821799999998 52893.6084
30667 0907 19001.9856 52709.7042
30704 0907 18781.4454 52586.06835
30741 0907 18522.5652 52594.338075
30779 0907 18038.756999999998 52604.785725
30816 0907 17875.0026 52552.9575
30853 0907 17737.0212 52381.774724999996
30927 0907 17287.2504 52391.508825
30967 0907 16878.3756 52401.849975
31041 0907 16599.0048 52408.729875
31078 0907 16564.9674 52409.507325
31115 0907 16462.77 52411.733175
31152 0907 16059.4758 52277.042625
31226 0907 15926.4786 52281.86175
31263 0907 15738.868199999999 52170.739649999996
31301 0907 15486.6762 52021.591725
31870 0907 14846.4408 53034.246975
31907 0907 14734.3176 53168.85765
31945 0907 14658.6174 53237.7312
31981 0907 14578.0182 53311.051125
32018 0907 14477.1414 53402.800875
32056 0907 14472.0294 53407.380375
32094 0907 14356.1574 53512.85265
32131 0907 14290.553399999999 53572.455375
32168 0907 14290.553399999999 53572.455375
32207 0907 14290.553399999999 53572.455375
32244 0907 14290.553399999999 53572.455375
32281 0907 14290.553399999999 53572.455375
32319 0907 14290.553399999999 53572.455375
32357 0907 14290.553399999999 53572.455375
32396 0907 14290.553399999999 53572.455375
32435 0907 14144.3928 53705.51115
32474 0907 14051.6526 53850.697275
32512 0907 14612.7798 53279.409975
32550 0907 14355.561 53513.36385
32587 0907 14290.0848 53572.96125
32625 0907 14043.0474 53797.649625
32662 0907 14079.5556 53881.4811
32701 0907 14131.1016 53950.216199999995
32738 0907 14131.2294 53957.0535
32776 0907 14137.108199999999 54181.864349999996
32814 0907 14141.5386 54364.549125
32852 0907 14144.009399999999 54459.866624999995
32891 0907 14149.1214 54664.2987
32928 0907 14151.8478 54773.290799999995
32966 0907 14156.3634 54950.501475
33004 0907 14266.314 54960.7734
33042 0907 14270.360999999999 55124.320125
33079 0907 14277.2196 55567.19505
33118 0907 14290.0422 55927.27155
33156 0907 14217.75 56195.268149999996
33194 0907 14135.0208 56441.714475
33231 0907 13916.9514 56446.5123
33270 0907 13535.3406 56454.6702
33309 0907 13399.659599999999 56497.637624999996
33351 0907 13449.6294 56471.03925
33391 0907 13449.6294 56471.03925
33432 0907 13449.6294 56471.03925
33471 0907 13449.6294 56471.03925
33512 0907 13449.6294 56471.03925
33553 0907 13442.8134 56471.172375
33593 0907 13401.1932 56554.929299999996
33634 0907 13407.9666 56820.6255
33675 0907 13383.130799999999 57076.25745
33716 0907 13187.3838 57035.750175
33754 0907 13187.3838 57035.750175
33793 0907 13187.3838 57035.750175
33831 0907 13187.3838 57035.750175
33908 0907 13187.3838 57035.750175
33982 0907 13187.3838 57035.750175
34023 0907 13187.3838 57035.750175
34065 0907 13187.3838 57035.750175
34105 0907 13187.3838 57035.750175
34188 0907 13184.6148 56906.246175
34231 0907 13179.2472 56660.90745
34272 0907 13335.503999999999 56624.239499999996
34312 0907 13425.8586 56471.50785
34355 0907 13656.069 56452.1568
34521 0907 14215.1088 55972.51275
34562 0907 14310.5754 55878.3774
34604 0907 14278.029 55620.6474
34647 0907 14275.2174 55313.964674999996
34688 0907 14269.892399999999 55102.817774999996
34730 0907 14241.904199999999 54950.309775
34773 0907 14153.0406 54820.017674999996
34814 0907 14152.0608 54779.127
34857 0907 13659.0936 56452.098225
34941 0907 14070.0558 53773.122675
34984 0907 14357.478 53511.707774999995
35026 0907 14715.3606 53186.0148
35068 0907 14941.0128 52874.36385
35111 0907 15010.4508 52757.00085
35648 0907 14799.1548 53109.89925
35691 0907 14859.774599999999 53011.605075
35735 0907 14932.7058 52888.326
35778 0907 15038.1834 52710.082275
35821 0907 15065.9586 52663.1637
35864 0907 15065.9586 52663.1637
35908 0907 15065.9586 52663.1637
35953 0907 15065.9586 52663.1637
35995 0907 15065.9586 52663.1637
36040 0907 15145.791 52528.3134
36081 0907 15187.4538 52457.874299999996
36122 0907 15222.1728 52399.2567
36164 0907 15315.9354 52240.8912
36209 0907 15409.6554 52082.5257
36253 0907 15458.389799999999 52004.860575
36298 0907 15559.3092 52064.564475
36341 0907 15559.3092 52064.564475
36382 0907 15635.6058 52109.582024999996
36424 0907 15700.187399999999 52147.868774999995
36466 0907 15741.168599999999 52172.065575
36508 0907 15863.260199999999 52244.0436
36550 0907 15962.773799999999 52303.412025
36592 0907 16021.3914 52338.083099999996
36635 0907 16063.650599999999 52270.002974999996
36678 0907 16236.9474 52344.6009
36722 0907 16349.752199999999 52408.197374999996
36764 0907 16349.752199999999 52408.197374999996
36807 0907 16409.5626 52413.00585
36850 0907 16688.933399999998 52406.74365
36894 0907 16750.2774 52405.18875
36937 0907 16988.7096 52399.107599999996
36980 0907 17302.203 52391.093475
37023 0907 17672.226599999998 52383.137924999995
37066 0907 17685.0918 52541.790974999996
37111 0907 17888.2512 52608.15645
37156 0907 17901.8406 52607.895525
37203 0907 18140.4006 52602.602475
37251 0907 18453.894 52595.88765
37299 0907 18521.9688 52594.348724999996
37346 0907 18896.6784 52582.143825
37394 0907 19006.5438 52852.23315
37440 0907 18927.265199999998 53107.00245
37485 0907 18936.8502 53195.967225
37531 0907 19018.983 53193.41655
37576 0907 19015.873199999998 53104.824524999996
37620 0907 19015.873199999998 53104.824524999996
37665 0907 19015.873199999998 53104.824524999996
37710 0907 19015.873199999998 53104.824524999996
37756 0907 19015.873199999998 53104.824524999996
37802 0907 19015.873199999998 53104.824524999996
37851 0907 19015.873199999998 53104.824524999996
37898 0907 19015.873199999998 53104.824524999996
37945 0907 19015.873199999998 53104.824524999996
37993 0907 19015.873199999998 53104.824524999996
38042 0907 19015.873199999998 53104.824524999996
38089 0907 19015.873199999998 53104.824524999996
38137 0907 19015.873199999998 53104.824524999996
38186 0907 19015.873199999998 53104.824524999996
38234 0907 19015.873199999998 53104.824524999996
38283 0907 19015.873199999998 53104.824524999996
38330 0907 19015.873199999998 53104.824524999996
38379 0907 19015.873199999998 53104.824524999996
38526 0907 19015.873199999998 53104.824524999996
38576 0907 19015.873199999998 53104.824524999996
38623 0907 19015.873199999998 53104.824524999996
38772 0907 19015.873199999998 53104.824524999996
38822 0907 19015.873199999998 53104.824524999996
38872 0907 19015.873199999998 53104.824524999996
38923 0907 19015.873199999998 53104.824524999996
38972 0907 19013.019 53029.9071
39021 0907 18997.7682 52580.226825
39072 0907 18924.4536 52581.2439
39123 0907 18393.1038 52597.170975
39174 0907 18393.1038 52597.170975
39224 0907 18018.351599999998 52605.30225
39274 0907 17872.829999999998 52409.890725
39326 0907 17771.0586 52380.997275
39378 0907 17505.2772 52386.332924999995
39430 0907 17150.9304 52394.991375
39481 0907 17038.8924 52397.771025
39533 0907 16739.031 52405.407074999996
39585 0907 16698.1776 52406.440125
39637 0907 16300.975199999999 52381.039875
39690 0907 16277.0766 52367.823225
39741 0907 16188.9798 52316.064225
39793 0907 16183.0158 52312.698825
39845 0907 16031.7006 52323.9612
39898 0907 15949.9512 52295.70675
39951 0907 15926.4786 52281.86175
40002 0907 15674.4144 52132.5807
40054 0907 15480.7974 52018.10385
40107 0907 15554.3676 52061.55585
40159 0907 15472.107 52013.295375
40211 0907 15427.5474 52052.210475
40263 0907 15370.719 52148.188275
40264 0907 15370.719 52148.188275
40315 0907 15370.719 52148.188275
40368 0907 15370.719 52148.188275
40421 0907 15402.0726 52095.353624999996
40473 0907 15616.8192 52098.51135
40526 0907 15716.5032 52157.496374999995
40578 0907 15910.2906 52271.6058
40633 0907 15933.4224 52285.951349999996
40686 0907 16096.239599999999 52261.28595
40746 0907 16096.239599999999 52261.28595
40799 0907 16266.384 52361.939099999996
40860 0907 16464.0054 52411.706549999995
43907 0907 14476.6728 53403.306749999996
43908 0907 14476.6728 53403.306749999996
43962 0907 14466.491399999999 53412.460425
44021 0907 14370.684 53499.636
44078 0907 14325.3576 53540.814225
44135 0907 14179.1544 53673.864675
44194 0907 14068.224 53774.773425
44253 0907 14065.8384 53866.331475
44313 0907 14133.6576 54031.981575
44370 0907 14136.6822 54168.31755
48733 0907 15381.2412 52130.573175
48793 0907 15622.698 52102.00455
48794 0907 15628.5342 52105.492425
48854 0907 15780.2754 52197.039825
48914 0907 15939.3012 52289.44455
48975 0907 15939.3012 52289.44455
49034 0907 15939.3012 52289.44455
49095 0907 15939.3012 52289.44455
49156 0907 16107.9972 52268.14455
49214 0907 16195.966199999999 52320.281624999996
49273 0907 16484.5386 52411.3125
51885 0907 14567.368199999999 53320.710675
51946 0907 14451.3684 53426.188275
52007 0907 14290.0848 53572.96125
52066 0907 14199.3042 53655.567975
52126 0907 14174.1276 53678.444175
52186 0907 14174.1276 53678.444175
52245 0907 14063.1972 53779.3476
52303 0907 14038.2336 53836.03755
52363 0907 14133.9558 54038.81355
56258 0907 15757.527 52181.94345
56259 0907 15757.527 52181.94345
56316 0907 15863.260199999999 52244.0436
56378 0907 15974.5314 52310.270625
60220 0907 14516.972399999999 53366.585549999996
60278 0907 14375.796 53494.934025
60334 0907 14234.662199999999 53623.415625
60392 0907 14128.7586 53719.744875
60450 0907 14022.812399999999 53816.074125
60507 0907 14131.8684 53984.269575
60563 0907 14134.1688 54045.645525