37 0901 17252.6592 55843.136549999996
67 0901 17374.6656 55701.70455
98 0901 17337.8592 55888.122149999996
129 0901 17222.328 55873.80855
158 0901 17460.2064 55784.51895
188 0901 17148.3744 55974.68535
220 0901 17334.792 56002.63095
250 0901 17236.3008 55809.05655
281 0901 17310.5952 55970.25495
311 0901 17242.094399999998 55834.61655
342 0901 17444.529599999998 55833.25335
371 0901 17311.9584 55861.539749999996
402 0901 17457.48 55897.323749999996
432 0901 17244.8208 55919.816549999996
462 0901 17250.6144 55747.71255
493 0901 17417.01 55655.195999999996
522 0901 17482.1028 55884.213599999995
552 0901 17266.7172 55997.7
583 0901 17247.6324 55995.6552
613 0901 17203.6266 55796.3511
643 0901 17476.5648 55544.2656
674 0901 17334.365999999998 55145.971574999996
704 0901 17295.813 54892.277925
706 0901 17457.054 54705.125475
735 0901 17363.5896 54478.035525
765 0901 17090.0124 54341.1564
795 0901 17218.3662 54018.541274999996
825 0901 17416.9674 53618.28765
855 0901 17319.668999999998 53653.107825
885 0901 16941.1254 53886.26295
916 0901 16930.858799999998 53742.493275
946 0901 16802.718 53570.17095
976 0901 16830.6636 53643.267224999996
1005 0901 16519.4706 53638.4481
1036 0901 16490.886 53683.247325
1065 0901 16195.838399999999 53883.275625
1095 0901 16301.4438 53593.627575
1124 0901 15862.7916 53838.865125
1152 0901 15878.6814 53626.120725
1181 0901 15695.97 53740.033125
1208 0901 15763.3632 53662.479825
1237 0901 15668.620799999999 53622.606224999996
1265 0901 15801.192 53687.017425
1292 0901 15704.8308 53592.504
1321 0901 15392.871 53545.638675
1348 0901 15305.328 53405.9373
1376 0901 15341.4528 53191.2333
1404 0901 15422.478 53287.64775
1432 0901 15352.6566 53440.453949999996
1460 0901 15183.918 53324.2092
1486 0901 15084.5322 53330.434125
1515 0901 15339.621 53429.415225
1542 0901 15079.9314 53269.580024999996
1570 0901 15339.621 53183.698425
1598 0901 15237.9774 53301.338325
1624 0901 14890.83 53161.897874999995
1651 0901 14969.5548 53028.304275
1680 0901 14846.9946 53106.480599999995
1708 0901 14865.4404 52894.572224999996
1735 0901 15101.487 53092.353375
1763 0901 15057.395999999999 53064.737925
1790 0901 15141.062399999999 52754.838899999995