23247 0907 17219.1756 52704.1236
23274 0907 17053.9302 52486.9701
23303 0907 17228.1216 52508.754675
23330 0907 16742.9076 52718.2029
23358 0907 16414.7598 52525.4379
23386 0907 16538.129399999998 52472.4861
23414 0907 16354.6512 52559.7096
23443 0907 16303.7868 52431.21735
23471 0907 16367.6016 52425.1362
23499 0907 16153.5792 52509.9954
23528 0907 16345.3644 52598.773799999995
23557 0907 16245.6378 52575.945524999996
23585 0907 16122.3534 52565.678925
23613 0907 15941.0478 52446.9261
23642 0907 15629.2158 52119.401325
23671 0907 15767.0268 52092.999975
23702 0907 15732.1374 52318.311375
23729 0907 15544.3566 52121.1639
23759 0907 15727.4514 52258.5702
23789 0907 15362.326799999999 52531.90245
23818 0907 15213.1842 52756.9476
23847 0907 15231.417 52924.626525
23877 0907 15278.1492 52805.133525
23907 0907 15379.2816 52937.47575
23936 0907 15201.81 53125.38435
23965 0907 15208.3278 53076.9375
23994 0907 14940.799799999999 53252.7903
24023 0907 15000.4398 53010.4815
24052 0907 15226.3902 53213.939099999996
24082 0907 15061.443 53191.7871
24111 0907 15121.4238 53087.8431
24141 0907 15252.291 53139.985499999995
24171 0907 14993.6238 52944.025499999996
24201 0907 15265.6674 53116.166775
24230 0907 15192.7362 52992.115574999996
24260 0907 15236.0178 52950.197175
24289 0907 15062.2098 52913.390775
24319 0907 14981.0994 53285.405925
24348 0907 15119.3364 53241.78885
24377 0907 14818.7508 53452.568325
24407 0907 15011.6862 53479.129425
24437 0907 14865.397799999999 53603.65455
24466 0907 14440.122 53862.51345
24497 0907 14563.6194 53675.574
24527 0907 14230.529999999999 53675.765699999996
24557 0907 14379.2466 53794.24695
24588 0907 14433.519 54031.99755
24617 0907 14396.5422 54415.370924999996
24648 0907 14367.9576 54278.411925
24679 0907 14244.886199999999 54477.705375
24708 0907 14513.6922 54750.23355
24738 0907 14308.275 54656.513549999996
24768 0907 14463.0834 55123.255124999996
24799 0907 14346.444599999999 55234.355924999996
24829 0907 14385.7644 55302.1911
24860 0907 14581.8948 55414.60185
24891 0907 14349.81 55432.04655
24922 0907 14360.4174 55451.7171
24952 0907 14315.1336 55391.688375
24983 0907 14553.3102 55758.772574999995
25015 0907 14341.289999999999 56074.0179
25047 0907 14512.6698 56232.54315
25183 0907 13489.162199999999 56563.396049999996
25216 0907 13615.9398 56576.687249999995
25250 0907 13755.327 56798.888849999996
25285 0907 13455.763799999999 56798.54805
25319 0907 13665.6966 56795.48085
25352 0907 13793.4966 56544.31125
25386 0907 13794.519 56513.98005
25419 0907 13514.0406 56833.309649999996
25454 0907 13734.1974 56799.57045
25488 0907 13736.242199999999 56835.35445
25525 0907 13627.527 56699.03445
25591 0907 13566.182999999999 56739.93045
25625 0907 13590.7206 56648.25525
25660 0907 13677.2838 56628.48885
25695 0907 13777.8198 56506.82325
25729 0907 13529.3766 56505.80085
25764 0907 13753.9638 56791.73205
25799 0907 13699.4358 56713.34805
25835 0907 13801.335 56473.08405
25905 0907 13558.6854 56529.65685
25939 0907 13468.0326 56843.53365
25975 0907 13723.9308 56684.369399999996
26011 0907 13508.672999999999 56756.5977
26045 0907 13688.658 57187.305
26081 0907 13725.2088 57078.8667
26116 0907 13424.751 56917.114499999996
26151 0907 13455.1248 56841.419625
26221 0907 13740.8856 56407.496025
26258 0907 13702.0344 56214.603225
26293 0907 13627.3992 56252.091225
26328 0907 13416.444 56141.6241
26364 0907 13717.540799999999 56335.565924999995
26400 0907 13720.9062 56080.370624999996
26471 0907 13841.9754 55818.00255
26508 0907 14100.2166 55841.949075
26544 0907 13862.039999999999 56169.516449999996
26579 0907 13690.8732 56068.240275
26618 0907 13519.1526 56578.806599999996
26652 0907 13705.2294 56677.596
26688 0907 13867.8336 56674.75245
26724 0907 13732.7064 56816.040675
26759 0907 13891.434 56785.23555
26795 0907 14269.3386 56759.489174999995
26831 0907 14446.0434 56705.323274999995
26868 0907 14299.6698 56280.617249999996
27613 0907 14789.3994 53267.5086
27649 0907 15066.555 53350.24845
27688 0907 14991.579 53274.702675
27726 0907 15186.175799999999 53208.928275
27763 0907 14958.6066 53076.580725
27801 0907 15312.8256 53004.874275
27838 0907 15360.026399999999 53060.541825
27876 0907 15389.676 52848.223425
27912 0907 15041.7192 52800.852225
27983 0907 15429.5496 52899.332774999995
28019 0907 15233.3766 52897.28265
28055 0907 15357.087 52508.08905
28091 0907 15456.1746 52384.937775
28126 0907 15384.478799999999 52401.29085
28162 0907 15383.2008 52503.76515
28198 0907 15641.3994 52462.736025
28233 0907 15536.432999999999 52234.85265
28268 0907 15802.5978 52203.07305
28276 0907 15764.769 52100.15145
28339 0907 15622.911 52243.314075
28374 0907 15966.2244 52178.668574999996
28410 0907 15959.5362 52284.82245
28447 0907 16029.8262 52311.293025
28482 0907 16119.541799999999 52619.89275
28518 0907 16388.22 52571.456549999995
28554 0907 16450.7568 52394.66655
28589 0907 16583.9244 52602.858075
28625 0907 16628.569199999998 52600.813275
28662 0907 16633.851599999998 52625.947275
28698 0907 16525.1364 52442.596874999996
28734 0907 16732.9392 52704.7626
28772 0907 16749.255 52544.900775
28811 0907 17243.6706 52674.782849999996
28849 0907 17266.1208 52727.32995
28887 0907 17753.976 52404.097125
28926 0907 18029.2998 52736.728575
28964 0907 18178.9536 52721.818575
29003 0907 18438.2172 52691.572575
29042 0907 18509.1036 52637.5824
29119 0907 19093.6182 52795.61775
29159 0907 19018.2162 52995.033675
29199 0907 19089.7416 53043.581699999995
29238 0907 18959.4282 53273.9199
29277 0907 19374.7782 53336.21175
29316 0907 19135.8774 53273.16375
29354 0907 19268.789399999998 53346.77655
29393 0907 19139.967 53541.71415
29432 0907 19315.8198 53210.456549999995
29472 0907 19068.7398 53481.73335
29511 0907 19104.8646 53412.21015
29550 0907 19321.9542 53415.61815
29587 0907 19153.2582 53228.17815
29626 0907 19237.4358 53359.38615
29664 0907 19348.1532 53262.561675
29704 0907 19165.4844 53415.580875
29741 0907 19085.7372 53377.752075
29778 0907 19027.801199999998 53354.577675
29815 0907 19391.7756 53439.436875
29850 0907 19171.9596 53290.507274999996
29887 0907 19226.4876 53484.763275
29924 0907 19247.2764 53286.417675
29961 0907 19113.342 53268.696075
29998 0907 19062.5628 53484.763275
30034 0907 19377.8028 53419.329675
30071 0907 19207.743599999998 53260.857675
30107 0907 19335.8844 53523.955275
30144 0907 19250.3436 53289.144075
30181 0907 19105.844399999998 53434.665675
30220 0907 19047.9084 53546.107275
30258 0907 19113.6828 53381.500875
30296 0907 19279.6524 53389.680075
30333 0907 19050.293999999998 53350.147274999996
30370 0907 19274.540399999998 53329.699275
30408 0907 19215.582 53497.713675
30446 0907 19132.086 53222.347275
30483 0907 19378.4844 53449.660875
30520 0907 19099.3692 53443.867275
30557 0907 19044.9264 53366.292675
30594 0907 19090.6362 53176.8132
30630 0907 19343.5098 53248.381199999996
30667 0907 19012.2096 52727.766599999995
30704 0907 18970.5894 52695.80595
30741 0907 18715.458 52752.128475
30779 0907 18277.9986 52791.203325
30816 0907 18134.3514 52689.9591
30853 0907 17896.8564 52383.478725
30927 0907 17361.885599999998 52760.936024999995
30967 0907 17007.5388 52484.323575
31041 0907 16865.5104 52728.741075
31078 0907 16848.1722 52674.308925
31115 0907 16719.7332 52712.659575
31152 0907 16370.966999999999 52370.421825
31226 0907 16207.9794 52566.77055
31263 0907 15966.1818 52481.89005
31301 0907 15516.3258 52345.010925
31870 0907 14863.14 53304.501375
31907 0907 14741.1336 53370.61125
31945 0907 14760.516599999999 53425.511999999995
31981 0907 14838.3894 53358.763125
32018 0907 14803.9686 53521.058475
32056 0907 14506.791 53537.225175
32094 0907 14587.901399999999 53659.05585
32131 0907 14371.323 53793.975375
32168 0907 14458.567799999999 53746.944975
32207 0907 14355.3054 53823.624975
32244 0907 14529.4542 53767.733775
32281 0907 14461.2942 53899.964175
32319 0907 14362.1214 53890.080975
32357 0907 14352.9198 53777.616975
32396 0907 14350.5342 53581.997774999996
32435 0907 14496.779999999999 53861.93835
32474 0907 14371.6638 53896.364475
32512 0907 14924.9526 53415.389175
32550 0907 14635.6986 53539.26465
32587 0907 14324.1648 53749.836449999995
32625 0907 14277.5178 53841.612825
32662 0907 14161.0068 53896.4763
32701 0907 14382.612 54138.6786
32738 0907 14264.1414 54160.8519
32776 0907 14347.3818 54367.60035
32814 0907 14155.5114 54631.054725
32852 0907 14238.0702 54647.306625
32891 0907 14437.779 54714.3963
32928 0907 14360.4174 55036.7292
32966 0907 14182.2642 55099.090275
33004 0907 14356.626 55232.390999999996
33042 0907 14306.4858 55343.795325
33079 0907 14466.022799999999 55663.641449999996
33118 0907 14566.7718 56276.25075
33156 0907 14222.1804 56278.42335
33194 0907 14326.2096 56510.215274999995
33231 0907 14206.2906 56487.7491
33270 0907 13570.7838 56731.7406
33309 0907 13408.5204 56528.309625
33351 0907 13778.8422 56587.93365
33391 0907 13627.527 56684.03925
33432 0907 13610.487 56751.51765
33471 0907 13571.9766 56624.05845
33512 0907 13630.2534 56576.687249999995
33553 0907 13511.995799999999 56571.708375
33593 0907 13612.1484 56741.6877
33634 0907 13476.4674 56958.6495
33675 0907 13756.9884 57125.67345
33716 0907 13255.5438 57217.055775
33754 0907 13214.647799999999 57218.418975
33793 0907 13531.5918 57272.946975
33831 0907 13430.3742 57406.540575
33908 0907 13411.6302 57375.527774999995
33982 0907 13338.017399999999 57093.345375
34023 0907 13418.1054 57054.153375
34065 0907 13345.8558 57140.034974999995
34105 0907 13403.791799999999 57083.802975
34188 0907 13252.0932 57188.769374999996
34231 0907 13405.8792 56863.68345
34272 0907 13577.1312 56723.0715
34312 0907 13618.0698 56648.38305
34355 0907 14017.317 56533.9488
34521 0907 14349.7248 56117.693549999996
34562 0907 14532.0954 55994.931
34604 0907 14412.645 55644.162599999996
34647 0907 14537.292599999999 55512.991875
34688 0907 14360.886 55429.644974999996
34730 0907 14357.7762 55243.056975
34773 0907 14524.1718 55080.048075
34814 0907 14466.2784 54994.5126
34857 0907 13991.032799999999 56813.005424999996
34941 0907 14312.364599999999 53841.282675
34984 0907 14519.358 53541.698175
35026 0907 14779.0902 53435.4804
35068 0907 14983.612799999999 53109.515849999996
35111 0907 15046.9164 52805.73525
35648 0907 15169.2636 53119.44165
35691 0907 14948.041799999999 53093.397075
35735 0907 15108.2178 52914.5676
35778 0907 15388.185 52778.923875
35821 0907 15258.1698 52931.3733
35864 0907 15334.1682 52977.040499999996
35908 0907 15334.509 52705.763699999996
35953 0907 15353.252999999999 52932.054899999996
35995 0907 15411.5298 52751.4309
36040 0907 15303.2406 52585.5678
36081 0907 15481.223399999999 52654.8567
36122 0907 15274.655999999999 52590.4455
36164 0907 15602.5482 52432.08
36209 0907 15480.882599999999 52340.8521
36253 0907 15770.5626 52216.838175
36298 0907 15859.8948 52308.236475
36341 0907 15729.3684 52183.162875
36382 0907 15996.853799999999 52378.473225
36424 0907 15748.9218 52230.001575
36466 0907 16094.2374 52415.396775
36508 0907 16145.1018 52469.994
36550 0907 16229.961 52408.037625
36592 0907 16136.9226 52367.3919
36635 0907 16289.9418 52317.033375
36678 0907 16509.2466 52598.1561
36722 0907 16709.637 52414.672575
36764 0907 16582.8594 52448.411775
36807 0907 16529.5242 52542.50985
36850 0907 16965.663 52495.01085
36894 0907 16940.103 52445.74395
36937 0907 17203.754399999998 52627.7844
36980 0907 17558.143799999998 52711.104675
37023 0907 17974.1754 52470.723525
37066 0907 17733.8262 52747.293375
37111 0907 18067.1712 52852.850849999995
37156 0907 18078.375 52803.173924999996
37203 0907 18475.407 52975.096874999996
37251 0907 18629.7468 52681.08765
37299 0907 18792.564 52803.940725
37346 0907 19087.1856 52683.361424999996
37394 0907 19103.6718 52870.97715
37440 0907 19161.054 53442.34965
37485 0907 19198.5846 53235.840825
37531 0907 19198.9254 53266.68855
37576 0907 19196.838 53387.006925
37620 0907 19091.8716 53230.238925
37665 0907 19068.6972 53340.998925
37710 0907 19323.6156 53251.368525
37756 0907 19281.0156 53354.630925
37802 0907 19080.966 53251.709324999996
37851 0907 19363.4892 53205.019725
37898 0907 19078.9212 53182.526925
37945 0907 19100.3916 53139.245324999996
37993 0907 19190.3628 53199.566925
38042 0907 19323.2748 53175.029324999996
38089 0907 19382.2332 53268.408525
38137 0907 19381.8924 53374.056525
38186 0907 19103.7996 53186.616525
38234 0907 19063.5852 53289.878925
38283 0907 19034.958 53380.872525
38330 0907 19070.4012 53203.997325
38379 0907 19330.090799999998 53428.584525
38526 0907 19151.511599999998 53476.978125
38576 0907 19158.3276 53207.405325
38623 0907 19184.569199999998 53340.317324999996
38772 0907 19054.3836 53181.163725
38822 0907 19290.2172 53213.539724999995
38872 0907 19375.076399999998 53288.856524999996
38923 0907 19065.63 53440.853325
38972 0907 19090.0398 53259.6063
39021 0907 19354.5858 52669.516425
39072 0907 19135.068 52893.7575
39123 0907 18530.1054 52666.353375
39174 0907 18748.2174 52780.180575
39224 0907 18127.0668 52941.67185
39274 0907 18224.5356 52605.509925
39326 0907 17867.1642 52555.146075
39378 0907 17706.69 52689.985725
39430 0907 17300.8824 52626.735375
39481 0907 17307.7836 52626.447824999996
39533 0907 16810.2582 52749.274274999996
39585 0907 17036.592 52714.864125
39637 0907 16383.108 52715.705474999995
39690 0907 16326.8334 52598.544825
39741 0907 16325.640599999999 52567.574625
39793 0907 16435.5486 52513.770825
39845 0907 16345.2366 52373.718
39898 0907 16305.0648 52345.12275
39951 0907 16232.8578 52361.268149999996
40002 0907 16013.8512 52177.5663
40054 0907 15778.9974 52244.39505
40107 0907 15857.3388 52235.36385
40159 0907 15730.4334 52222.546575
40211 0907 15581.589 52224.996074999995
40263 0907 15563.270999999999 52503.642674999996
40264 0907 15688.3446 52233.729074999996
40315 0907 15397.983 52409.581874999996
40368 0907 15587.4678 52187.721075
40421 0907 15578.2662 52260.300825
40473 0907 15951.144 52295.152949999996
40526 0907 15974.8296 52321.080375
40578 0907 16061.6058 52292.7354
40633 0907 16151.8752 52608.00735
40686 0907 16383.8748 52555.05555
40746 0907 16395.462 52294.00275
40799 0907 16455.8688 52549.0383
40860 0907 16590.1014 52499.97375
43907 0907 14763.9672 53616.64755
43908 0907 14624.9208 53568.93555
43962 0907 14785.821 53658.858824999996
44021 0907 14539.7208 53587.2216
44078 0907 14424.5304 53900.358224999996
44135 0907 14361.823199999999 53967.634275
44194 0907 14384.8272 54106.371825
44253 0907 14186.8224 54143.061075
44313 0907 14463.552 54217.717574999995
44370 0907 14142.135 54216.37035
48733 0907 15459.966 52275.413175
48793 0907 15731.0724 52449.62055
48794 0907 15772.6926 52409.826825
48854 0907 15788.1138 52455.707024999996
48914 0907 16272.6036 52587.985349999995
48975 0907 16157.753999999999 52485.74535
49034 0907 16017.6852 52632.970949999995
49095 0907 16107.3156 52434.28455
49156 0907 16367.6868 52627.68855
49214 0907 16223.2302 52677.099225
49273 0907 16516.5738 52585.1205
51885 0907 14629.3938 53608.345875
51946 0907 14471.1348 53517.181875
52007 0907 14425.3824 53921.25885
52066 0907 14436.8418 54023.631975
52126 0907 14502.6588 53912.232975
52186 0907 14335.666799999999 53974.940174999996
52245 0907 14301.0756 54119.1252
52303 0907 14386.1904 54085.16235
52363 0907 14476.4598 54041.88075
56258 0907 15829.095 52270.55145
56259 0907 15983.4774 52217.04585
56316 0907 16202.0154 52285.962
56378 0907 16244.7858 52590.067425
60220 0907 14679.534 53674.32795
60278 0907 14586.069599999999 53776.094025
60334 0907 14522.6382 53660.562825
60392 0907 14454.904199999999 53900.028075
60450 0907 14098.1292 53885.597324999995
60507 0907 14467.2156 54353.015175
60563 0907 14188.6968 54076.317525