316 0900 15267.1158 53062.48545
344 0900 15277.297199999999 53177.681175
374 0900 15298.8102 53305.85925
402 0900 15514.92 53366.409824999995
431 0900 15262.0464 53300.294625
459 0900 15240.0222 53266.251899999996
488 0900 15590.8758 53191.579424999996
516 0900 15378.2592 53312.95215
545 0900 15666.916799999999 53399.174549999996
573 0900 15730.902 53454.549224999995
602 0900 15923.624399999999 53560.20255
630 0900 15850.7358 53642.873175
658 0900 16123.205399999999 53483.2776
687 0900 16105.526399999999 53546.6877
716 0900 16083.5874 53590.555049999995
744 0900 16339.7838 53610.667575
773 0900 16194.6882 53804.492249999996
802 0900 16426.346999999998 53599.1496
831 0900 16597.811999999998 53561.203649999996
860 0900 16561.3464 53756.050725
888 0900 16642.115999999998 53652.628574999995
918 0900 16942.999799999998 53638.112625
947 0900 16974.3108 53757.094424999996
976 0900 17264.0334 53880.762225
1005 0900 17156.1702 53828.108625
1034 0900 17077.4454 54089.033625
1062 0900 17265.950399999998 54249.44925
1091 0900 17270.2104 54181.3212
1119 0900 17125.1148 54329.286974999995
1148 0900 17192.1246 54721.7874
1178 0900 17363.2062 55011.366225
1207 0900 17115.6576 55139.507025
1237 0900 17300.4564 55196.40465
1265 0900 17207.5032 55119.272025
1295 0900 17233.5318 55169.0661
1324 0900 17445.5946 55140.72645
1354 0900 17108.8842 55542.843824999996
1383 0900 17248.058399999998 55791.159224999996
1412 0900 17345.5272 55910.412599999996
1441 0900 17489.643 56066.74395
1470 0900 17307.5706 56215.7694
1498 0900 17171.634 55890.534374999996
1528 0900 17445.211199999998 55916.06775
1556 0900 17259.4752 55947.42135
1585 0900 17265.950399999998 55905.16215
1613 0900 17294.2368 55666.94295
1643 0900 17253.6816 55826.77815
1672 0900 17126.2224 55935.834149999995
1701 0900 17239.368 55712.61015
1728 0900 17377.051199999998 55720.78935
1758 0900 17129.2896 55974.003749999996
1786 0900 17219.601599999998 55884.37335
1815 0900 17370.9168 55809.05655
1844 0900 17132.6976 55984.22775
1872 0900 17217.8976 56004.67575
1901 0900 17125.2 55780.77015
1928 0900 17257.4304 55934.470949999995
1956 0900 17250.2736 55671.37335
1984 0900 17370.9168 55904.48055
2011 0900 17398.1808 55897.323749999996
2039 0900 17352.1728 55869.03735
2067 0900 17167.4592 55858.13175
2095 0900 17250.6144 55804.96695
2165 0900 17165.0736 55836.66135
2192 0900 17140.1952 55811.10135
2221 0900 17443.5072 55930.381349999996
2248 0900 17118.384 56002.29015
2276 0900 17410.108799999998 55983.88695
2303 0900 17236.6416 55925.95095
2331 0900 17340.5856 55795.76535
2359 0900 17353.1952 55974.34455
2387 0900 17132.6976 55803.60375
2413 0900 17345.7828 55696.092
2441 0900 17424.5076 55894.0968
2468 0900 17460.9732 55670.8728
2496 0900 17465.0628 55694.7288
2523 0900 17222.0724 55872.6264
2550 0900 17269.7844 55826.9592
2577 0900 17292.7032 55741.807125
2609 0900 17153.2308 55834.8402
2632 0900 17184.1584 55382.7264
2659 0900 17322.3528 55088.09415
2686 0900 17303.140199999998 55140.9075
2713 0900 17346.933 54667.701375
2740 0900 17133.8904 54734.184
2767 0900 17315.196 54700.4448
2794 0900 17139.6414 54303.258375
2821 0900 17253.639 54415.221825
2848 0900 17121.4512 54231.13125
2874 0900 17267.4414 54025.453125
2901 0900 17288.230199999998 53965.1688
2927 0900 17104.326 53598.77685
2954 0900 17077.3602 53872.56705
2981 0900 17030.6706 53807.847
3034 0900 16986.0684 53577.77505
3060 0900 16623.798 53694.24345
3087 0900 16674.1938 53719.2177
3114 0900 16495.359 53853.050924999996
3140 0900 16366.834799999999 53615.721
3167 0900 16233.582 53588.2653
3193 0900 16155.922199999999 53596.6149
3219 0900 16049.7204 53570.485125
3245 0900 15842.045399999999 53715.8523
3271 0900 15796.6764 53558.658299999996
3297 0900 15579.4164 53778.703275
3323 0900 15794.802 53602.850475
3349 0900 15393.1692 53389.46175
3375 0900 15384.2232 53300.997525
3401 0900 15331.910399999999 53246.24055
3800 0900 15100.4646 52990.619249999996
3823 0900 15230.7354 53318.026874999996
3848 0900 15398.366399999999 53147.616225
3872 0900 15314.6574 53091.4215
3896 0900 15565.827 53388.5991
3944 0900 15392.3598 53383.4871
3973 0900 15331.6974 53241.069975
3997 0900 15580.737 53188.9968
4021 0900 15518.413199999999 53114.782275
4045 0900 15587.254799999999 53114.782275
4069 0900 15511.511999999999 53137.402875
4092 0900 15473.0016 53476.498875
4116 0900 15635.904 53321.775675
4139 0900 15680.1654 53271.528975
4162 0900 15855.8478 53537.123999999996
4186 0900 15683.2326 53405.687025
4214 0900 15838.9782 53708.455875
4233 0900 16113.5778 53754.229575
4257 0900 15900.3222 53760.055125
4280 0900 16038.6018 53850.292575
4303 0900 16294.1166 53669.27985
4326 0900 16245.0414 53581.35345
4351 0900 16302.9774 53850.58545
4374 0900 16280.1438 53885.192624999996
4398 0900 16261.7406 53886.406725
4421 0900 16551.4206 53644.7529
4445 0900 16738.9032 53738.9202
4468 0900 16765.7838 53673.758174999995
4492 0900 16635.683399999998 53705.8626
4539 0900 16886.4696 53592.610499999995
4563 0900 17020.361399999998 53865.660525
4586 0900 16986.963 53653.001325
4610 0900 16786.53 53700.7719
4633 0900 17044.8564 53665.669499999996
4657 0900 17090.5236 53709.286575
4680 0900 17129.4174 53765.561174999995
4704 0900 17018.7 53666.164724999995
4727 0900 17265.354 53889.4047
4752 0900 17261.4774 53638.533299999996
4775 0900 17413.9002 53756.551275
4797 0900 17324.2272 53731.9764
4822 0900 17246.1414 54111.9045
4844 0900 17224.671 53928.16005
4868 0900 17365.3788 53988.167475
4891 0900 17263.6074 54317.635875