0 23201.0 66534.0
1 11.0 62073.0
2 20924.0 71671.0
3 24930.0 86395.0
4 19283.0 68313.0
5 24298.0 67418.0
6 4.0 86396.0
7 26145.0 65296.0
8 60647.0 86377.0
9 22501.0 70003.0
10 19088.0 67961.0
11 22141.0 68140.0
12 16443.0 65307.0
13 17815.0 72077.0
14 21812.0 68723.0
15 26134.0 68953.0
16 16885.0 64610.0
17 60506.0 86385.0
18 25013.0 69724.0
19 20.0 86384.0
20 25756.0 72197.0
21 23505.0 67257.0
22 20539.0 67242.0
23 25945.0 67101.0
24 22994.0 70474.0
25 320.0 86182.0
26 26331.0 86371.0
27 10.0 62503.0
28 60209.0 84923.0
29 25417.0 34413.0
30 25198.0 63875.0
31 2479.0 66530.0
32 20380.0 86390.0
33 25309.0 72259.0
34 27246.0 69564.0
35 46508.0 86369.0
36 21119.0 86391.0
37 18077.0 69118.0
38 19841.0 86395.0
39 55948.0 65792.0
40 24556.0 64922.0
41 54801.0 86371.0
42 24715.0 67015.0
43 22184.0 86392.0
44 23.0 66215.0
45 10.0 84160.0
46 19.0 63299.0
47 23170.0 28548.0
48 20.0 28128.0
49 10.0 84832.0
50 23.0 51808.0
51 18536.0 67128.0
52 46023.0 65874.0
53 17728.0 86390.0
54 20387.0 63680.0
55 23068.0 66752.0
56 19276.0 67708.0
57 19742.0 82055.0
58 22.0 68296.0
59 58416.0 86382.0
60 5.0 68355.0
61 23924.0 86398.0
62 5.0 67754.0
63 25757.0 67057.0
64 59225.0 68259.0
65 21.0 65993.0
66 3488.0 52181.0
67 66935.0 86390.0
68 5.0 62543.0
69 26135.0 86373.0
70 24567.0 70941.0
71 20013.0 62308.0
72 23886.0 86394.0
73 23108.0 66238.0
74 53529.0 67882.0
75 40.0 66768.0
76 22336.0 69387.0
77 24298.0 86033.0
78 24287.0 65998.0
79 16678.0 77364.0
80 15161.0 85858.0
81 16579.0 78852.0
82 30955.0 69269.0
83 23461.0 32724.0
84 67753.0 70661.0
85 24205.0 71080.0
86 22708.0 67229.0
87 23634.0 77437.0
88 28062.0 58552.0
89 22821.0 73074.0
90 24306.0 67834.0
91 23300.0 71821.0
92 18455.0 67980.0
93 22985.0 70361.0
94 23499.0 77155.0
95 23225.0 72168.0
96 22471.0 66400.0
97 21740.0 33215.0
98 23408.0 65722.0
99 15222.0 84175.0
100 17570.0 86396.0
101 55346.0 61265.0
102 24616.0 64462.0
103 26539.0 73987.0
104 21057.0 70555.0
105 26333.0 70589.0
106 21378.0 81700.0
107 59445.0 69038.0
108 19923.0 75607.0
109 20242.0 69514.0
110 19359.0 80574.0
111 24300.0 66134.0
112 24310.0 77812.0
113 17193.0 86389.0
114 25715.0 31531.0
115 24738.0 63692.0
116 35190.0 75826.0
117 26217.0 79552.0
118 23465.0 64407.0
119 56594.0 62176.0
120 30028.0 73846.0
121 24366.0 64556.0
122 21675.0 61975.0
123 22779.0 64772.0
124 23381.0 64195.0
125 25948.0 69625.0
126 26128.0 65725.0
127 24531.0 73979.0
128 24499.0 63390.0
129 21928.0 25898.0
130 24310.0 74090.0
131 53368.0 56379.0
132 15885.0 86395.0
133 22968.0 60774.0
134 26137.0 81716.0
135 20768.0 68348.0
136 57341.0 61984.0
137 54269.0 65703.0
138 22713.0 60741.0
139 4.0 78261.0
140 20086.0 72276.0
141 26134.0 82673.0
142 20046.0 70337.0
143 23542.0 66549.0
144 19531.0 65868.0
145 22191.0 68624.0
146 53979.0 68919.0
147 25192.0 82191.0
148 20822.0 67734.0
149 21148.0 80968.0
150 18657.0 78984.0
151 21994.0 67050.0
152 26436.0 86385.0
153 25480.0 82291.0
154 17735.0 53016.0
155 26329.0 65860.0
156 23861.0 73691.0
157 52525.0 85844.0
158 21909.0 86391.0
159 25395.0 80520.0
160 12.0 2043.0
161 22047.0 67377.0
162 22753.0 64889.0
163 24606.0 62427.0
164 22457.0 62636.0
165 23743.0 29775.0
166 22985.0 64700.0
167 20324.0 65204.0
168 15.0 62560.0
169 20596.0 65452.0
170 27314.0 63790.0
171 20381.0 64254.0
172 21344.0 62212.0
173 56392.0 66694.0
174 25387.0 71421.0
175 25831.0 72228.0
176 14.0 12279.0
177 21296.0 71816.0
178 21370.0 62056.0
179 3.0 71223.0
180 22758.0 64080.0
181 347.0 66998.0
182 20805.0 86368.0
183 16300.0 84044.0
184 944.0 67352.0
185 18348.0 85810.0
186 57077.0 63418.0
187 22760.0 86377.0
188 1.0 86377.0
189 23620.0 65833.0
190 20647.0 63759.0
191 16.0 63194.0
192 22733.0 69638.0
193 24208.0 63649.0
194 23089.0 86397.0
195 16826.0 63678.0
196 25762.0 66744.0
197 20484.0 86375.0
198 12.0 66289.0
199 23091.0 64307.0
200 60322.0 64990.0
201 23088.0 65940.0
202 19455.0 66590.0
203 24590.0 65796.0
204 915.0 64245.0
205 18788.0 32220.0
206 16949.0 86379.0
207 24990.0 64931.0
208 23879.0 68738.0
209 50931.0 65838.0
210 37133.0 86397.0
211 18746.0 63749.0
212 25271.0 83252.0
213 20423.0 65733.0
214 19355.0 86370.0
215 16695.0 74863.0
216 24046.0 66378.0
217 11.0 65794.0
218 18815.0 64462.0
219 24604.0 67953.0
220 23623.0 62049.0
221 22131.0 73120.0
222 70976.0 86379.0
223 25945.0 64309.0
224 16846.0 30332.0
225 28086.0 72824.0
226 21.0 86375.0
227 25833.0 67028.0
228 20987.0 66966.0
229 23455.0 65822.0
230 17110.0 66992.0
231 23.0 66897.0
232 25845.0 67989.0
233 20272.0 73032.0
234 27460.0 65368.0
235 25390.0 86386.0
236 19122.0 69620.0
237 20699.0 61893.0
238 58208.0 61933.0
239 27585.0 65457.0
240 21743.0 66785.0
241 25604.0 29384.0
242 20564.0 59964.0
243 56634.0 62326.0
244 62655.0 69532.0
245 19556.0 69588.0
246 54798.0 67851.0
247 24503.0 64472.0
248 27465.0 64020.0
249 22925.0 65021.0
250 57627.0 66271.0
251 21859.0 62486.0
252 24122.0 64221.0
253 25836.0 68011.0
254 21561.0 29879.0
255 24193.0 63932.0
256 18431.0 28936.0
257 24833.0 70632.0
258 17783.0 64672.0
259 19079.0 66869.0
260 1.0 65224.0
261 21411.0 33253.0
262 25021.0 83055.0
263 14.0 5204.0
264 23961.0 66888.0
265 6.0 68476.0
266 22929.0 83019.0
267 25520.0 77713.0
268 14.0 86395.0
269 24292.0 27824.0
270 25191.0 67871.0
271 21810.0 74140.0
272 22336.0 64158.0
273 56828.0 67785.0
274 20820.0 63443.0
275 23624.0 33237.0
276 62915.0 66121.0
277 22195.0 79770.0
278 19095.0 86373.0
279 21428.0 64091.0
280 21611.0 86215.0
281 9.0 64401.0
282 59771.0 64423.0
283 15.0 65976.0
284 23713.0 75706.0
285 23427.0 69090.0
286 22622.0 64633.0
287 24128.0 66079.0
288 62491.0 66014.0
289 22976.0 63463.0
290 55450.0 60784.0
291 24399.0 86395.0
292 20428.0 62568.0
293 23555.0 86394.0
294 10.0 32312.0
295 18900.0 69053.0
296 20712.0 66548.0
297 24650.0 74265.0
298 21731.0 63195.0
299 18982.0 69547.0
300 22414.0 65420.0
301 21676.0 86392.0
302 27355.0 71781.0
303 23296.0 85718.0
304 20822.0 86380.0
305 18784.0 86391.0
306 51568.0 86377.0
307 15.0 59074.0
308 17110.0 62179.0
309 23254.0 68355.0
310 22184.0 63248.0
311 17715.0 63300.0
312 14.0 86034.0
313 21168.0 71265.0
314 21923.0 64045.0
315 2.0 86375.0
316 21426.0 26369.0
317 25.0 64998.0
318 26234.0 65811.0
319 27.0 68131.0
320 23782.0 69490.0
321 15805.0 61957.0
322 22246.0 66715.0
323 3.0 67398.0
324 20621.0 37965.0
325 20370.0 66202.0
326 21087.0 69103.0
327 24719.0 62795.0
328 17654.0 66406.0
329 8.0 28687.0
330 8.0 65850.0
331 15805.0 66565.0
332 26224.0 63684.0
333 27035.0 65041.0
334 24479.0 64011.0
335 20544.0 66904.0
336 17194.0 67147.0
337 19697.0 86396.0
338 24452.0 83599.0
339 52465.0 60711.0
340 20866.0 67543.0
341 23963.0 67050.0
342 25310.0 66264.0
343 18378.0 86391.0
344 21422.0 63661.0
345 19895.0 63602.0
346 20176.0 69953.0
347 7.0 86371.0
348 16399.0 83741.0
349 20816.0 67185.0
350 25.0 62800.0
351 19162.0 66535.0
352 22.0 65672.0
353 24503.0 63877.0
354 19769.0 63820.0
355 61149.0 63458.0
356 26547.0 62434.0
357 22622.0 64871.0
358 17580.0 81871.0
359 20943.0 61585.0
360 28497.0 64186.0
361 19557.0 65112.0
362 26327.0 86372.0
363 22605.0 83679.0
364 13.0 85958.0
365 17129.0 28726.0
366 19436.0 86386.0
367 24294.0 65153.0
368 25.0 69643.0
369 50347.0 70410.0
370 20.0 68825.0
371 22478.0 29756.0
372 19454.0 65518.0
373 17989.0 86378.0
374 26220.0 64667.0
375 21288.0 64371.0
376 19489.0 69553.0
377 15330.0 68536.0
378 24195.0 64237.0
379 21537.0 86377.0
380 22759.0 68774.0
381 18967.0 66193.0
382 24049.0 67539.0
383 18306.0 58977.0
384 22271.0 64426.0
385 24992.0 67720.0
386 17196.0 65831.0
387 20042.0 64304.0
388 21433.0 65166.0
389 11.0 66559.0
390 19.0 72458.0
391 23126.0 70815.0
392 19691.0 86395.0
393 60319.0 66501.0
394 18364.0 67873.0
395 17174.0 67563.0
396 20481.0 60993.0
397 19522.0 63668.0
398 19239.0 86380.0
399 61295.0 64890.0
400 21732.0 70488.0
401 27152.0 86095.0
402 19642.0 69888.0
403 21493.0 76146.0
404 18448.0 86392.0
405 18069.0 65497.0
406 24302.0 66008.0
407 18653.0 63333.0
408 25832.0 86383.0
409 19455.0 27179.0
410 21190.0 62896.0
411 16265.0 67464.0
412 21112.0 86380.0
413 21050.0 86377.0
414 29311.0 65488.0
415 25609.0 67472.0
416 25475.0 85788.0
417 20717.0 62677.0
418 26837.0 31291.0
419 23289.0 69302.0
420 57361.0 70329.0
421 62157.0 64216.0
422 25104.0 65880.0
423 25109.0 65191.0
424 47284.0 69916.0
425 29630.0 66513.0
426 24507.0 66439.0
427 22459.0 81363.0
428 10.0 29982.0
429 21734.0 67366.0
430 20870.0 68347.0
431 24012.0 65574.0
432 39174.0 68216.0
433 32896.0 65516.0
434 20423.0 69478.0
435 25194.0 70809.0
436 26536.0 84338.0
437 27883.0 67555.0
438 23334.0 66359.0
439 18685.0 86375.0
440 13.0 61733.0
441 21980.0 64559.0
442 36533.0 86375.0
443 21372.0 28958.0
444 19858.0 28925.0
445 26205.0 68911.0
446 41873.0 65255.0
447 23099.0 65032.0
448 21440.0 62797.0
449 24994.0 63343.0
450 59055.0 66144.0
451 28282.0 67429.0
452 16865.0 69451.0
453 58613.0 66392.0
454 25296.0 67549.0
455 26547.0 65103.0
456 25192.0 66821.0
457 20.0 31771.0
458 22125.0 69558.0
459 30512.0 62784.0
460 24812.0 32413.0
461 24379.0 65774.0
462 20534.0 62437.0
463 13.0 63696.0
464 23027.0 64271.0
465 18.0 68641.0
466 48383.0 73762.0
467 25754.0 66146.0
468 20566.0 66365.0
469 20418.0 86378.0
470 22202.0 35532.0
471 19286.0 69158.0
472 4.0 86395.0
473 19339.0 67099.0
474 7.0 67013.0
475 21803.0 86394.0
476 19084.0 70497.0
477 19150.0 71945.0
478 57823.0 62210.0
479 22837.0 68003.0
480 20976.0 71475.0
481 19333.0 77360.0
482 21072.0 64073.0
483 17110.0 64731.0
484 27440.0 54246.0
485 26238.0 52086.0
486 58577.0 60037.0
487 20200.0 66101.0
488 19203.0 30964.0
489 21123.0 66363.0
490 22320.0 27203.0
491 25623.0 64945.0
492 24566.0 84367.0
493 20002.0 64314.0
494 23784.0 63472.0
495 22068.0 43064.0
496 62711.0 66179.0
497 21412.0 86382.0
498 19979.0 86370.0
499 23092.0 68716.0
500 24457.0 62698.0
501 23592.0 84042.0
502 26374.0 62972.0
503 26637.0 64577.0
504 23297.0 64405.0
505 4.0 63063.0
506 18215.0 68116.0
507 24395.0 27423.0
508 24385.0 62861.0
509 25309.0 86372.0
510 38170.0 86375.0
511 18576.0 67657.0
512 19646.0 86375.0
513 19319.0 33446.0
514 18938.0 85603.0
515 22933.0 32171.0
516 22605.0 65738.0
517 24406.0 70562.0
518 26232.0 64278.0
519 22710.0 63987.0
520 17326.0 65423.0
521 24718.0 80915.0
522 23380.0 26814.0
523 25729.0 29193.0
524 16784.0 21891.0
525 21556.0 66552.0
526 25201.0 64991.0
527 23165.0 64874.0
528 29627.0 81462.0
529 22930.0 82606.0
530 22526.0 67637.0
531 22042.0 61791.0
532 22823.0 69321.0
533 24810.0 86381.0
534 14.0 65145.0
535 55232.0 55232.0
536 20878.0 68791.0
537 20275.0 86390.0
538 25293.0 62832.0
539 18468.0 62113.0
540 23353.0 84990.0
541 24923.0 85748.0
542 24510.0 27031.0
543 21368.0 78374.0
544 20520.0 84739.0
545 24494.0 66768.0
546 24831.0 64074.0
547 20016.0 68237.0
548 22714.0 66060.0
549 20510.0 28219.0
550 18072.0 60655.0
551 16150.0 83549.0
552 57830.0 63206.0
553 24127.0 63968.0
554 18976.0 66830.0
555 18102.0 81797.0
556 25653.0 29312.0
557 25170.0 65444.0
558 26538.0 65492.0
559 52595.0 60565.0
560 19563.0 79588.0
561 19732.0 75671.0
562 19352.0 62212.0
563 20228.0 75660.0
564 22976.0 74697.0
565 21179.0 63548.0
566 57272.0 63593.0
567 22396.0 74198.0
568 39409.0 69387.0
569 21102.0 38209.0
570 25712.0 64049.0
571 21694.0 84978.0
572 20005.0 67731.0
573 23807.0 65699.0
574 24599.0 78094.0
575 21171.0 62757.0
576 24553.0 59759.0
577 23577.0 69682.0
578 27671.0 66925.0
579 53833.0 66704.0
580 26356.0 64490.0
581 22607.0 77619.0
582 47897.0 86386.0
583 16.0 86386.0
584 20511.0 62950.0
585 27253.0 86372.0
586 24723.0 86378.0
587 21783.0 67083.0
588 25019.0 86395.0
589 26238.0 85744.0
590 11.0 86397.0
591 19691.0 65655.0
592 10.0 64534.0
593 21729.0 76286.0
594 5.0 86370.0
595 19514.0 63835.0
596 23.0 549.0
597 27149.0 66764.0
598 24382.0 64961.0
599 23329.0 72385.0
600 24214.0 63544.0
601 19765.0 86295.0
602 18630.0 86391.0
603 16864.0 61658.0
604 23135.0 72108.0
605 21109.0 66978.0
606 20600.0 81747.0
607 23082.0 68738.0
608 19260.0 63680.0
609 19864.0 63446.0
610 11.0 86380.0
611 23.0 82036.0
612 38355.0 86398.0
613 47135.0 76026.0
614 18.0 84598.0
615 21604.0 69190.0
616 63544.0 72490.0
617 56517.0 73975.0
618 40012.0 66351.0
619 21669.0 65807.0
620 20820.0 61112.0
621 24563.0 69397.0
622 56111.0 66883.0
623 55816.0 81399.0
624 23337.0 68611.0
625 21797.0 65515.0
626 58596.0 63310.0
627 25381.0 68166.0
628 19382.0 62081.0
629 25843.0 78833.0
630 25839.0 68020.0
631 55037.0 62470.0
632 24717.0 82216.0
633 62062.0 64236.0
634 48444.0 52459.0
635 22120.0 79534.0
636 23837.0 62194.0
637 27519.0 76044.0
638 18675.0 66200.0
639 19692.0 82532.0
640 22341.0 64720.0
641 20032.0 64116.0
642 17714.0 66120.0
643 21748.0 65610.0
644 23742.0 65319.0
645 23375.0 78556.0
646 55471.0 66484.0
647 25167.0 58770.0
648 24049.0 26217.0
649 56367.0 80039.0
650 25194.0 67094.0
651 26134.0 72890.0
652 19261.0 63780.0
653 23498.0 66244.0
654 22211.0 67643.0
655 25292.0 66773.0
656 24645.0 29308.0
657 43553.0 65781.0
658 6.0 65828.0
659 54347.0 67852.0
660 20648.0 65189.0
661 26937.0 64763.0
662 23497.0 26404.0
663 50897.0 57141.0
664 27146.0 68859.0
665 60313.0 65397.0
666 25290.0 28364.0
667 24217.0 39215.0
668 61136.0 66981.0
669 25559.0 66370.0
670 20646.0 30616.0
671 22755.0 66352.0
672 24795.0 69713.0
673 23367.0 86381.0
674 52603.0 65892.0
675 21261.0 86330.0
676 23329.0 66358.0
677 25104.0 66750.0
678 34542.0 78374.0
679 0.0 64449.0
680 23163.0 33191.0
681 23704.0 69618.0
682 27859.0 63310.0
683 25001.0 63375.0
684 26434.0 64785.0
685 21.0 86377.0
686 8.0 86398.0
687 25746.0 64562.0
688 1102.0 66057.0
689 18843.0 86375.0
690 22569.0 67615.0
691 24928.0 63518.0
692 23093.0 64745.0
693 13.0 63294.0
694 24102.0 85934.0
695 62008.0 70267.0
696 43096.0 66694.0
697 26833.0 84510.0
698 22786.0 64451.0
699 21198.0 82414.0
700 22570.0 65643.0
701 29508.0 69570.0
702 21613.0 86382.0
703 14.0 78926.0
704 9.0 86397.0
705 24.0 85183.0
706 27968.0 62282.0
707 25203.0 86377.0
708 37999.0 67188.0
709 407.0 64496.0
710 32125.0 61530.0
711 21997.0 71863.0
712 36064.0 63927.0
713 19.0 65016.0
714 56160.0 86373.0
715 12.0 86382.0
716 22386.0 61601.0
717 17839.0 79052.0
718 20978.0 74118.0
719 24213.0 70323.0
720 23517.0 63791.0
721 22784.0 85683.0
722 17578.0 69693.0
723 23423.0 70562.0
724 19304.0 66097.0
725 26042.0 68405.0
726 21468.0 86396.0
727 24395.0 28700.0
728 20380.0 28723.0
729 57080.0 61929.0
730 21277.0 65823.0
731 65333.0 79708.0
732 26341.0 72874.0
733 24560.0 77112.0
734 51368.0 61978.0
735 25569.0 28083.0
736 18153.0 69303.0
737 24917.0 80203.0
738 20949.0 86228.0
739 21201.0 67499.0
740 21932.0 54086.0
741 22616.0 63616.0
742 23174.0 66276.0
743 26116.0 66793.0
744 57172.0 67952.0
745 20981.0 67068.0
746 58119.0 66272.0
747 21436.0 51135.0
748 25185.0 68150.0
749 19332.0 84408.0
750 22534.0 63476.0
751 21223.0 67872.0
752 62118.0 66670.0
753 26144.0 29205.0
754 20617.0 64554.0
755 56286.0 66364.0
756 22561.0 82393.0
757 18271.0 67746.0
758 57251.0 68089.0
759 25504.0 62571.0
760 25926.0 61611.0
761 55057.0 66791.0
762 25305.0 66655.0
763 15.0 68013.0
764 22613.0 86373.0
765 57264.0 64928.0
766 24910.0 69966.0
767 23643.0 64530.0
768 23.0 67245.0
769 55457.0 62657.0
770 21044.0 66172.0
771 547.0 62700.0
772 21429.0 64296.0
773 59660.0 63335.0
774 22753.0 63612.0
775 21353.0 29862.0
776 23547.0 86382.0
777 25305.0 33283.0
778 25571.0 86127.0
779 27247.0 63119.0
780 25852.0 68801.0
781 23745.0 70021.0
782 56726.0 66376.0
783 23585.0 86389.0
784 25385.0 62207.0
785 21736.0 68754.0
786 47403.0 71196.0
787 48806.0 71126.0
788 21806.0 66163.0
789 24708.0 65248.0
790 17315.0 27873.0
791 19653.0 64775.0
792 18451.0 84151.0
793 22819.0 66897.0
794 19322.0 64064.0
795 24087.0 26596.0
796 20070.0 24205.0
797 24815.0 81715.0
798 1.0 63213.0
799 26330.0 67780.0
800 18717.0 62788.0
801 18850.0 62381.0
802 22932.0 65568.0
803 20430.0 64581.0
804 29.0 65147.0
805 25.0 66452.0
806 24396.0 70930.0
807 57255.0 86380.0
808 23248.0 64611.0
809 25015.0 86375.0
810 15.0 86388.0
811 22455.0 63289.0
812 22872.0 74027.0
813 23633.0 65238.0
814 24405.0 86033.0
815 21.0 68693.0
816 23573.0 26400.0
817 20680.0 27829.0
818 25183.0 70531.0
819 22461.0 70108.0
820 53517.0 53815.0
821 1636.0 64544.0
822 25831.0 74414.0
823 22115.0 65626.0
824 56111.0 68666.0
825 4.0 30.0
826 22.0 2401.0
827 20806.0 65701.0
828 74101.0 86392.0
829 29.0 65435.0
830 688.0 86378.0
831 13.0 69950.0
832 58247.0 62309.0
833 23820.0 86386.0
834 23793.0 69478.0
835 750.0 2891.0
836 21085.0 65224.0
837 54054.0 63296.0
838 21993.0 86381.0
839 29.0 65715.0
840 24.0 59308.0
841 20146.0 70051.0
842 25192.0 62896.0
843 22912.0 66565.0
844 26735.0 64810.0
845 25.0 65383.0
846 20529.0 67573.0
847 19052.0 70286.0
848 20203.0 70413.0
849 19814.0 86391.0
850 19018.0 73577.0
851 24551.0 78794.0
852 6.0 68846.0
853 51179.0 65162.0
854 21115.0 69278.0
855 23390.0 77228.0
856 29013.0 69063.0
857 23302.0 80366.0
858 7.0 74871.0
859 23302.0 86394.0
860 23954.0 68794.0
861 25509.0 45158.0
862 19531.0 86391.0
863 18080.0 72079.0
864 6.0 86377.0
865 16543.0 69144.0
866 22338.0 71839.0
867 9.0 86391.0
868 20.0 2997.0
869 19490.0 67083.0
870 16114.0 80770.0
871 21861.0 66070.0
872 26140.0 71041.0
873 38700.0 66384.0
874 56050.0 86396.0
875 16.0 6299.0
876 18363.0 69514.0
877 24220.0 68281.0
878 21598.0 86396.0
879 21038.0 65325.0
880 6.0 86397.0
881 29133.0 64498.0
882 26773.0 82517.0
883 25296.0 78822.0
884 16274.0 81604.0
885 20031.0 75448.0
886 14.0 64041.0
887 16946.0 63594.0
888 32.0 68688.0
889 24654.0 68729.0
890 6.0 86395.0
891 11.0 64122.0
892 26109.0 68456.0
893 20320.0 73944.0
894 17299.0 66727.0
895 22202.0 69099.0
896 56221.0 67530.0
897 21368.0 66206.0
898 61252.0 71141.0
899 18348.0 29576.0
900 62971.0 71465.0
901 21291.0 63233.0
902 59628.0 62019.0
903 8.0 65089.0
904 24477.0 68096.0
905 24798.0 67420.0
906 23295.0 77165.0
907 25104.0 60994.0
908 18215.0 61130.0
909 26114.0 74311.0
910 7.0 82260.0
911 26435.0 69099.0
912 21686.0 32637.0
913 21724.0 65830.0
914 20712.0 63171.0
915 24003.0 64667.0
916 18620.0 65829.0
917 22704.0 71908.0
918 25940.0 64507.0
919 771.0 66145.0
920 17648.0 28726.0
921 17.0 61265.0
922 25621.0 74054.0
923 44525.0 73397.0
924 19317.0 31661.0
925 27361.0 30019.0
926 21236.0 86378.0
927 17962.0 66267.0
928 21995.0 29864.0
929 21.0 63330.0
930 21358.0 66713.0
931 56254.0 82288.0
932 24712.0 70025.0
933 26426.0 61735.0
934 58028.0 74072.0
935 25611.0 62529.0
936 21252.0 63725.0
937 24485.0 68158.0
938 23539.0 75904.0
939 21496.0 65590.0
940 21371.0 64501.0
941 25837.0 67055.0
942 23540.0 65061.0
943 23830.0 67522.0
944 18978.0 65008.0
945 25188.0 78346.0
946 15611.0 61460.0
947 59756.0 86382.0
948 22067.0 31706.0
949 7.0 69162.0
950 23338.0 77645.0
951 17064.0 41464.0
952 24196.0 69931.0
953 19454.0 67548.0
954 24996.0 64431.0
955 19653.0 66978.0
956 19239.0 64484.0
957 19187.0 71881.0
958 22185.0 68859.0
959 24012.0 62889.0
960 58507.0 68170.0
961 17418.0 43520.0
962 17640.0 74598.0
963 19047.0 66527.0
964 26518.0 62332.0
965 23225.0 65189.0
966 17675.0 29845.0
967 56889.0 64918.0
968 19341.0 63159.0
969 22732.0 70003.0
970 60369.0 66553.0
971 26643.0 61847.0
972 18626.0 70956.0
973 19768.0 62680.0
974 19977.0 71904.0
975 60311.0 65086.0
976 19313.0 71129.0
977 28301.0 67272.0
978 19358.0 29627.0
979 25574.0 68172.0
980 24496.0 63174.0
981 24835.0 66590.0
982 20276.0 66999.0
983 22706.0 61998.0
984 23860.0 63665.0
985 23342.0 78849.0
986 23706.0 27639.0
987 17250.0 61897.0
988 23873.0 70003.0
989 22251.0 71787.0
990 31367.0 73444.0
991 24985.0 64498.0
992 47041.0 64843.0
993 20247.0 60948.0
994 20512.0 68343.0
995 26942.0 66729.0
996 57383.0 63032.0
997 21808.0 63581.0
998 18075.0 65217.0
999 57359.0 69227.0
1000 24482.0 65194.0
1001 56457.0 61333.0
1002 24569.0 68414.0
1003 21705.0 63766.0
1004 21368.0 66386.0
1005 25748.0 68626.0
1006 19008.0 63988.0
1007 21440.0 66154.0
1008 22678.0 69835.0
1009 44196.0 86395.0
1010 46264.0 86394.0
1011 20568.0 75828.0
1012 19727.0 73137.0
1013 18098.0 68287.0
1014 24815.0 68596.0
1015 56987.0 66378.0
1016 22051.0 63319.0
1017 22383.0 64771.0
1018 22620.0 64197.0
1019 25568.0 86395.0
1020 44362.0 65500.0
1021 21556.0 71412.0
1022 19361.0 67141.0
1023 20243.0 67456.0
1024 56.0 66509.0
1025 25844.0 69346.0
1026 41802.0 67406.0
1027 19416.0 86375.0
1028 20321.0 72952.0
1029 22254.0 86189.0
1030 25512.0 27957.0
1031 27048.0 79349.0
1032 23589.0 64199.0
1033 17679.0 65445.0
1034 22391.0 67512.0
1035 20430.0 70111.0
1036 20661.0 63569.0
1037 22709.0 65098.0
1038 21079.0 65064.0
1039 21668.0 65218.0
1040 24112.0 58444.0
1041 22063.0 62213.0
1042 22612.0 65272.0
1043 53613.0 64388.0
1044 22672.0 63609.0
1045 22930.0 65902.0
1046 60429.0 63259.0
1047 22423.0 66364.0
1048 21860.0 64556.0
1049 23454.0 67364.0
1050 23502.0 82579.0
1051 21795.0 64693.0
1052 22644.0 66136.0
1053 21832.0 63596.0
1054 17738.0 78574.0
1055 29111.0 86382.0
1056 20.0 68492.0
1057 62586.0 65060.0
1058 19773.0 86382.0
1059 26328.0 66057.0
1060 19493.0 64218.0
1061 21120.0 66403.0
1062 20017.0 66942.0
1063 21052.0 64077.0
1064 19272.0 45441.0
1065 23658.0 63206.0
1066 26434.0 71288.0
1067 27149.0 65527.0
1068 58474.0 64840.0
1069 57558.0 62558.0
1070 19913.0 65814.0
1071 25515.0 61230.0
1072 55025.0 64411.0
1073 19776.0 63864.0
1074 25382.0 65812.0
1075 20340.0 30639.0
1076 20484.0 66572.0
1077 25181.0 83115.0
1078 59882.0 71443.0
1079 20989.0 68249.0
1080 24290.0 64055.0
1081 23451.0 63182.0
1082 26335.0 76392.0
1083 61202.0 67363.0
1084 20042.0 66271.0
1085 23830.0 66673.0
1086 22777.0 68592.0
1087 23449.0 64301.0
1088 22749.0 72233.0
1089 23097.0 65517.0
1090 25492.0 69764.0
1091 27361.0 66550.0
1092 24843.0 52506.0
1093 18786.0 30437.0
1094 21244.0 67109.0
1095 18667.0 65014.0
1096 24848.0 67123.0
1097 62175.0 69503.0
1098 21421.0 66313.0
1099 22250.0 67903.0
1100 19222.0 61375.0
1101 22331.0 69346.0
1102 24431.0 63549.0
1103 24031.0 65855.0
1104 24208.0 69765.0
1105 25771.0 67472.0
1106 19653.0 67134.0
1107 21939.0 73814.0
1108 14352.0 66992.0
1109 18161.0 70187.0
1110 16693.0 71500.0
1111 21034.0 66713.0
1112 22631.0 70504.0
1113 56497.0 65219.0
1114 19454.0 74740.0
1115 19241.0 68090.0
1116 24833.0 69633.0
1117 54349.0 63767.0
1118 22333.0 73233.0
1119 20502.0 82171.0
1120 22931.0 74375.0
1121 26355.0 83016.0
1122 21057.0 83110.0
1123 24560.0 79418.0
1124 22561.0 66803.0
1125 21108.0 83024.0
1126 23252.0 32175.0
1127 26342.0 79207.0
1128 56048.0 63897.0
1129 20523.0 65687.0
1130 20047.0 65329.0
1131 20923.0 76843.0
1132 55040.0 64245.0
1133 19433.0 72724.0
1134 22992.0 63412.0
1135 56285.0 65129.0
1136 59655.0 67288.0
1137 23579.0 32988.0
1138 23914.0 79869.0
1139 22193.0 77149.0
1140 21670.0 84788.0
1141 55179.0 74359.0
1142 21353.0 80640.0
1143 53463.0 64060.0
1144 24560.0 67380.0
1145 54484.0 80940.0
1146 21932.0 65938.0
1147 53149.0 67081.0
1148 24500.0 60009.0
1149 22128.0 34918.0
1150 20933.0 28627.0
1151 19994.0 70780.0
1152 19295.0 66255.0
1153 20339.0 64871.0
1154 55092.0 67505.0
1155 22840.0 77507.0